Tempo total receptor,Tempo total emissor,Id do pacote,Id da mensagem,Distancia (m),Tempo zerado receptor,Tempo zerado emissor,Delta tempo,Velocidade (m/s)
1747352622474565,7109244,1,76,75,0,0,0,0
1747352622564533,7199724,1,77,75,89968,90480,-512,0
1747352622654819,7290204,1,78,75,180254,180960,-706,0
1747352622744008,7380684,1,79,75,269443,271440,-1997,0
1747352622838899,7471164,1,80,75,364334,361920,2414,31068.76553438277
1747352622929089,7561644,1,81,75,454524,452400,2124,35310.734463276836
1747352623019322,7652124,1,82,75,544757,542880,1877,39957.37879595099
1747352623108635,7742604,1,83,75,634070,633360,710,105633.8028169014
1747352623202924,7833084,1,84,75,728359,723840,4519,16596.5921664085
1747352623293711,7923564,1,85,75,819146,814320,4826,15540.82055532532
1747352623383685,8014044,1,86,75,909120,904800,4320,17361.11111111111
1747352623474052,8104524,1,87,75,999487,995280,4207,17827.430473021155
1747352623567871,8195004,1,88,75,1093306,1085760,7546,9939.04055128545
1747352623657581,8285484,1,89,75,1183016,1176240,6776,11068.476977567887
1747352623748386,8375964,1,90,75,1273821,1266720,7101,10561.892691170258
1747352623838130,8466452,1,91,75,1363565,1357208,6357,11798.017932987259
1747352623932641,8556924,1,92,75,1458076,1447680,10396,7214.313197383609
1747352624022195,8647404,1,93,75,1547630,1538160,9470,7919.746568109821
1747352624112752,8737884,1,94,75,1638187,1628640,9547,7855.870954226459
1747352624202746,8828364,1,95,75,1728181,1719120,9061,8277.232093587905
1747352624296545,8918844,1,96,75,1821980,1809600,12380,6058.158319870759
1747352624386378,9009324,1,97,75,1911813,1900080,11733,6392.227051904883
1747352624477397,9099804,1,98,75,2002832,1990560,12272,6111.4732724902215
1747352624567188,9190284,1,99,75,2092623,2081040,11583,6475.006475006475
1747352624661274,9280764,1,100,75,2186709,2171520,15189,4937.783922575548
1747352624751356,9372284,1,101,75,2276791,2263040,13751,5454.148789178969
1747352624845934,9463804,1,102,75,2371369,2354560,16809,4461.895413171515
1747352624940178,9555324,1,103,75,2465613,2446080,19533,3839.6559668253726
1747352625030022,9646844,1,104,75,2555457,2537600,17857,4200.033600268802
1747352625124215,9738364,1,105,75,2649650,2629120,20530,3653.1904529956164
1747352625214198,9829884,1,106,75,2739633,2720640,18993,3948.8232506713002
1747352625308791,9921404,1,107,75,2834226,2812160,22066,3398.894226411674
1747352625398999,10012924,1,108,75,2924434,2903680,20754,3613.761202659728
1747352625492705,10105484,1,109,75,3018140,2996240,21900,3424.6575342465753
1747352625586607,10198052,1,110,75,3112042,3088808,23234,3228.027890160971
1747352625681135,10290604,1,111,75,3206570,3181360,25210,2975.0099166997225
1747352625771599,10383164,1,112,75,3297034,3273920,23114,3244.786709353639
1747352625865564,10475724,1,113,75,3390999,3366480,24519,3058.8523186100574
1747352625959104,10568284,1,114,75,3484539,3459040,25499,2941.291815365308
1747352626054147,10660844,1,115,75,3579582,3551600,27982,2680.2944750196557
1747352626144384,10753404,1,116,75,3669819,3644160,25659,2922.9510113410497
1747352626238400,10845964,1,117,75,3763835,3736720,27115,2765.996680803983
1747352626332801,10938524,1,118,75,3858236,3829280,28956,2590.136759220887
1747352626426705,11031084,1,119,75,3952140,3921840,30300,2475.2475247524753
1747352626520137,11123644,1,120,75,4045572,4014400,31172,2406.0053894520724
1747352626611212,11216204,1,121,75,4136647,4106960,29687,2526.3583386667565
1747352626705356,11308764,1,122,75,4230791,4199520,31271,2398.3882830737743
1747352626798886,11401324,1,123,75,4324321,4292080,32241,2326.2305759746905
1747352626893647,11493884,1,124,75,4419082,4384640,34442,2177.5738923407466
1747352626983965,11586444,1,125,75,4509400,4477200,32200,2329.192546583851
1747352627078064,11679004,1,126,75,4603499,4569760,33739,2222.946738196153
1747352627171732,11771564,1,127,75,4697167,4662320,34847,2152.26561827417
1747352627265922,11864124,1,128,75,4791357,4754880,36477,2056.090138991693
1747352627355906,11956684,1,129,75,4881341,4847440,33901,2212.3241202324416
1747352627450380,12049244,1,130,75,4975815,4940000,35815,2094.094653078319
1747352627545192,12141804,1,131,75,5070627,5032560,38067,1970.2104184726932
1747352627639308,12234364,1,132,75,5164743,5125120,39623,1892.8400171617495
1747352627728946,12326932,1,133,75,5254381,5217688,36693,2043.9865914479599
1747352627822942,12419484,1,134,75,5348377,5310240,38137,1966.5941211946406
1747352627917757,12512044,1,135,75,5443192,5402800,40392,1856.8033273915628
1747352628011773,12604604,1,136,75,5537208,5495360,41848,1792.200344102466
1747352628105275,12697164,1,137,75,5630710,5587920,42790,1752.745968684272
1747352628196395,12789724,1,138,75,5721830,5680480,41350,1813.7847642079807
1747352628289834,12882284,1,139,75,5815269,5773040,42229,1776.0306898103197
1747352628383942,12974844,1,140,75,5909377,5865600,43777,1713.2284076113026
1747352628478677,13067404,1,141,75,6004112,5958160,45952,1632.1378830083565
1747352628568861,13159964,1,142,75,6094296,6050720,43576,1721.1308977418764
1747352628663074,13252524,1,143,75,6188509,6143280,45229,1658.228127970992
1747352628756796,13345084,1,144,75,6282231,6235840,46391,1616.6928930180422
1747352628851273,13437644,1,145,75,6376708,6328400,48308,1552.537881924319
1747352628941767,13530204,1,146,75,6467202,6420960,46242,1621.902166861295
1747352629035133,13622764,1,147,75,6560568,6513520,47048,1594.1166468287706
1747352629129834,13715324,1,148,75,6655269,6606080,49189,1524.7311390758098
1747352629224052,13807884,1,149,75,6749487,6698640,50847,1475.013275119476
1747352629314364,13900444,1,150,75,6839799,6791200,48599,1543.2416304862238
1747352629407874,13993004,1,151,75,6933309,6883760,49549,1513.653151425861
1747352629502131,14085564,1,152,75,7027566,6976320,51246,1463.5288607891348
1747352629596362,14178124,1,153,75,7121797,7068880,52917,1417.3139066840524
1747352629691020,14270684,1,154,75,7216455,7161440,55015,1363.264564209761
1747352629784595,14363244,1,155,75,7310030,7254000,56030,1338.5686239514546
1747352629875218,14455804,1,156,75,7400653,7346560,54093,1386.5010260107592
1747352629969361,14548364,1,157,75,7494796,7439120,55676,1347.0795315755443
1747352630063130,14640924,1,158,75,7588565,7531680,56885,1318.4495033840205
1747352630153275,14733484,1,159,75,7678710,7624240,54470,1376.9047181935011
1747352630247512,14826044,1,160,75,7772947,7716800,56147,1335.7792936399094
1747352630342236,14918604,1,161,75,7867671,7809360,58311,1286.2067191439007
1747352630436523,15011164,1,162,75,7961958,7901920,60038,1249.2088344048768
1747352630526893,15103724,1,163,75,8052328,7994480,57848,1296.5011754943991
1747352630620400,15196284,1,164,75,8145835,8087040,58795,1275.618675057403
1747352630715102,15288844,1,165,75,8240537,8179600,60937,1230.7793294714213
1747352630809531,15381404,1,166,75,8334966,8272160,62806,1194.1534248320224
1747352630899543,15473964,1,167,75,8424978,8364720,60258,1244.6480135417703
1747352630993707,15566524,1,168,75,8519142,8457280,61862,1212.3759335294687
1747352631087771,15659084,1,169,75,8613206,8549840,63366,1183.600037875201
1747352631181549,15751644,1,170,75,8706984,8642400,64584,1161.2783351913786
1747352631276079,15844204,1,171,75,8801514,8734960,66554,1126.9044685518527
1747352631365862,15936764,1,172,75,8891297,8827520,63777,1175.9725292817159
1747352631459857,16029324,1,173,75,8985292,8920080,65212,1150.0950745261607
1747352631554595,16121892,1,174,75,9080030,9012648,67382,1113.056899468701
1747352631648356,16214444,1,175,75,9173791,9105200,68591,1093.4379145952093
1747352631738573,16307004,1,176,75,9264008,9197760,66248,1132.109648593165
1747352631833391,16399564,1,177,75,9358826,9290320,68506,1094.794616529939
1747352631927522,16492124,1,178,75,9452957,9382880,70077,1070.251295004067
1747352632021475,16584684,1,179,75,9546910,9475440,71470,1049.391353015251
1747352632111366,16677244,1,180,75,9636801,9568000,68801,1090.1004345867066
1747352632205032,16769804,1,181,75,9730467,9660560,69907,1072.853934512996
1747352632300202,16862364,1,182,75,9825637,9753120,72517,1034.2402471144696
1747352632393939,16954924,1,183,75,9919374,9845680,73694,1017.7219312291368
1747352632484540,17047484,1,184,75,10009975,9938240,71735,1045.514741757859
1747352632577820,17140044,1,185,75,10103255,10030800,72455,1035.1252501552688
1747352632672172,17232604,1,186,75,10197607,10123360,74247,1010.1418239120774
1747352632766419,17325164,1,187,75,10291854,10215920,75934,987.6998446018911
1747352632860745,17417724,1,188,75,10386180,10308480,77700,965.2509652509652
1747352632950737,17510284,1,189,75,10476172,10401040,75132,998.2430921578023
1747352633044991,17602844,1,190,75,10570426,10493600,76826,976.2320047900449
1747352633139185,17695404,1,191,75,10664620,10586160,78460,955.9010960999235
1747352633233323,17787964,1,192,75,10758758,10678720,80038,937.0548989230116
1747352633324216,17880524,1,193,75,10849651,10771280,78371,956.9866404664991
1747352633418342,17973084,1,194,75,10943777,10863840,79937,938.238863104695
1747352633512229,18065644,1,195,75,11037664,10956400,81264,922.917897223863
1747352633605729,18158204,1,196,75,11131164,11048960,82204,912.364361831541
1747352633696863,18250772,1,197,75,11222298,11141528,80770,928.562585118237
1747352633789629,18343324,1,198,75,11315064,11234080,80984,926.1088610095821
1747352633884820,18435884,1,199,75,11410255,11326640,83615,896.9682473240448
1747352633979072,18528444,1,200,75,11504507,11419200,85307,879.1775586997551
1747352634069179,18621004,1,201,75,11594614,11511760,82854,905.2067492215223
1747352634163783,18713564,1,202,75,11689218,11604320,84898,883.4130368206554
1747352634257575,18806124,1,203,75,11783010,11696880,86130,870.7767328456983
1747352634352220,18898684,1,204,75,11877655,11789440,88215,850.1955449753443
1747352634445578,18991244,1,205,75,11971013,11882000,89013,842.5735566714975
1747352634535892,19083804,1,206,75,12061327,11974560,86767,864.3839247640232
1747352634630391,19176364,1,207,75,12155826,12067120,88706,845.4895948413862
1747352634724135,19268924,1,208,75,12249570,12159680,89890,834.3530982311714
1747352634818485,19361484,1,209,75,12343920,12252240,91680,818.062827225131
1747352634908603,19454044,1,210,75,12434038,12344800,89238,840.4491360182882
1747352635003435,19546604,1,211,75,12528870,12437360,91510,819.5825592831385
1747352635096968,19639164,1,212,75,12622403,12529920,92483,810.959852080923
1747352635191153,19731724,1,213,75,12716588,12622480,94108,796.9566880605262
1747352635281691,19824284,1,214,75,12807126,12715040,92086,814.4560519514367
1747352635376052,19916844,1,215,75,12901487,12807600,93887,798.8326392365291
1747352635469507,20009404,1,216,75,12994942,12900160,94782,791.2894853453187
1747352635564084,20101964,1,217,75,13089519,12992720,96799,774.8013925763696
1747352635654119,20194524,1,218,75,13179554,13085280,94274,795.5533869359526
1747352635748839,20287084,1,219,75,13274274,13177840,96434,777.7339942343987
1747352635842504,20379644,1,220,75,13367939,13270400,97539,768.9231999507889
1747352635937094,20472204,1,221,75,13462529,13362960,99569,753.246492382167
1747352636031339,20564764,1,222,75,13556774,13455520,101254,740.7114780650642
1747352636120982,20657324,1,223,75,13646417,13548080,98337,762.6834253638001
1747352636214934,20749884,1,224,75,13740369,13640640,99729,752.038023042445
1747352636309604,20842444,1,225,75,13835039,13733200,101839,736.4565637918676
1747352636403921,20935004,1,226,75,13929356,13825760,103596,723.9661763002433
1747352636494415,21027564,1,227,75,14019850,13918320,101530,738.6979217965134
1747352636587968,21120124,1,228,75,14113403,14010880,102523,731.5431659237439
1747352636682460,21212684,1,229,75,14207895,14103440,104455,718.0125412857211
1747352636776009,21305244,1,230,75,14301444,14196000,105444,711.2780243541596
1747352636866221,21397804,1,231,75,14391656,14288560,103096,727.4773027081555
1747352636960444,21490364,1,232,75,14485879,14381120,104759,715.9289416661098
1747352637055247,21582924,1,233,75,14580682,14473680,107002,700.9214781032131
1747352637149158,21675484,1,234,75,14674593,14566240,108353,692.1820346460181
1747352637243179,21768044,1,235,75,14768614,14658800,109814,682.9730271185823
1747352637332799,21860604,1,236,75,14858234,14751360,106874,701.7609521492599
1747352637427240,21953164,1,237,75,14952675,14843920,108755,689.623465587789
1747352637521469,22045732,1,238,75,15046904,14936488,110416,679.249384147225
1747352637615779,22138284,1,239,75,15141214,15029040,112174,668.6041328650133
1747352637706069,22230844,1,240,75,15231504,15121600,109904,682.4137429028971
1747352637800479,22323404,1,241,75,15325914,15214160,111754,671.1169175152567
1747352637894344,22415964,1,242,75,15419779,15306720,113059,663.3704525955474
1747352637988452,22508524,1,243,75,15513887,15399280,114607,654.4102890748384
1747352638078308,22601084,1,244,75,15603743,15491840,111903,670.2233184096941
1747352638173015,22693644,1,245,75,15698450,15584400,114050,657.6063130206051
1747352638267367,22786204,1,246,75,15792802,15676960,115842,647.4335733153779
1747352638361549,22878764,1,247,75,15886984,15769520,117464,638.4934958795886
1747352638451638,22971324,1,248,75,15977073,15862080,114993,652.2136130025306
1747352638545646,23063884,1,249,75,16071081,15954640,116441,644.1030221313798
1747352638640030,23156444,1,250,75,16165465,16047200,118265,634.1690271847124
1747352638733813,23249004,1,251,75,16259248,16139760,119488,627.6780931976433
1747352638828532,23341564,1,252,75,16353967,16232320,121647,616.5380157340502
1747352638918120,23434124,1,253,75,16443555,16324880,118675,631.9780914261639
1747352639012111,23526684,1,254,75,16537546,16417440,120106,624.4484039098796
1747352639106289,23619244,1,255,75,16631724,16510000,121724,616.1480069665802
1747352639200842,23711804,1,256,75,16726277,16602560,123717,606.2222653313611
1747352639290976,23804364,1,257,75,16816411,16695120,121291,618.3476102926021
1747352639385678,23896924,1,258,75,16911113,16787680,123433,607.6170878128215
1747352639479697,23989484,1,259,75,17005132,16880240,124892,600.5188482849181
1747352639574120,24082044,1,260,75,17099555,16972800,126755,591.692635398998
1747352639664133,24174612,1,261,75,17189568,17065368,124200,603.8647342995168
1747352639757898,24267164,1,262,75,17283333,17157920,125413,598.0241282801624
1747352639852407,24359724,1,263,75,17377842,17250480,127362,588.8726621755311
1747352639946804,24452284,1,264,75,17472239,17343040,129199,580.4998490700392
1747352640036997,24544844,1,265,75,17562432,17435600,126832,591.3334174340861
1747352640130266,24637404,1,266,75,17655701,17528160,127541,588.0461969092293
1747352640224621,24729964,1,267,75,17750056,17620720,129336,579.8849508257562
1747352640318722,24822524,1,268,75,17844157,17713280,130877,573.0571452585252
1747352640413790,24915084,1,269,75,17939225,17805840,133385,562.2821156801739
1747352640503914,25007644,1,270,75,18029349,17898400,130949,572.7420598859097
1747352640598017,25100204,1,271,75,18123452,17990960,132492,566.0719137759261
1747352640690971,25192764,1,272,75,18216406,18083520,132886,564.3935403277998
1747352640785591,25285324,1,273,75,18311026,18176080,134946,555.7778667022365
1747352640876690,25377884,1,274,75,18402125,18268640,133485,561.8608832453085
1747352640970411,25470444,1,275,75,18495846,18361200,134646,557.0161757497439
1747352641064634,25563004,1,276,75,18590069,18453760,136309,550.2204549956349
1747352641158493,25655564,1,277,75,18683928,18546320,137608,545.026451950468
1747352641248484,25748124,1,278,75,18773919,18638880,135039,555.395108079888
1747352641343245,25840684,1,279,75,18868680,18731440,137240,546.4879044010493
1747352641436993,25933244,1,280,75,18962428,18824000,138428,541.7979021585229
1747352641531890,26025804,1,281,75,19057325,18916560,140765,532.8028984477676
1747352641621693,26118364,1,282,75,19147128,19009120,138008,543.446756709756
1747352641715541,26210924,1,283,75,19240976,19101680,139296,538.42177808408
1747352641809608,26303484,1,284,75,19335043,19194240,140803,532.6591052747456
1747352641904640,26396044,1,285,75,19430075,19286800,143275,523.4688536032105
1747352641998066,26488604,1,286,75,19523501,19379360,144141,520.3238495639687
1747352642088677,26581164,1,287,75,19614112,19471920,142192,527.4558343648025
1747352642183166,26673724,1,288,75,19708601,19564480,144121,520.3960560917562
1747352642277333,26766284,1,289,75,19802768,19657040,145728,514.6574440052701
1747352642371857,26858844,1,290,75,19897292,19749600,147692,507.8135579449124
1747352642461849,26951404,1,291,75,19987284,19842160,145124,516.7994266971693
1747352642555785,27043964,1,292,75,20081220,19934720,146500,511.9453924914676
1747352642649782,27136524,1,293,75,20175217,20027280,147937,506.9725626449096
1747352642744152,27229084,1,294,75,20269587,20119840,149747,500.8447581587611
1747352642834542,27321644,1,295,75,20359977,20212400,147577,508.2092738028283
1747352642928183,27414204,1,296,75,20453618,20304960,148658,504.5137160462269
1747352643022667,27506764,1,297,75,20548102,20397520,150582,498.0674981073435
1747352643116532,27599324,1,298,75,20641967,20490080,151887,493.7881451342116
1747352643207202,27691884,1,299,75,20732637,20582640,149997,500.010000200004
1747352643300644,27784444,1,300,75,20826079,20675200,150879,497.08706977114105
1747352643394644,27877004,1,301,75,20920079,20767760,152319,492.38768636873925
1747352643488839,27969572,1,302,75,21014274,20860328,153946,487.1838177023112
1747352643583307,28062124,1,303,75,21108742,20952880,155862,481.1949031835855
1747352643674039,28154684,1,304,75,21199474,21045440,154034,486.9054883986652
1747352643767790,28247244,1,305,75,21293225,21138000,155225,483.16959252697694
1747352643861488,28339804,1,306,75,21386923,21230560,156363,479.65311486732793
1747352643956595,28432364,1,307,75,21482030,21323120,158910,471.96526335661696
1747352644046389,28524924,1,308,75,21571824,21415680,156144,480.32585305871504
1747352644140214,28617484,1,309,75,21665649,21508240,157409,476.4657675228227
1747352644234495,28710044,1,310,75,21759930,21600800,159130,471.3127631496261
1747352644328456,28802604,1,311,75,21853891,21693360,160531,467.1994817200416
1747352644419102,28895164,1,312,75,21944537,21785920,158617,472.83708555829446
1747352644513302,28987724,1,313,75,22038737,21878480,160257,467.99827776633776
1747352644607101,29080284,1,314,75,22132536,21971040,161496,464.4077871897756
1747352644701074,29172844,1,315,75,22226509,22063600,162909,460.3797211940408
1747352644792201,29265404,1,316,75,22317636,22156160,161476,464.46530753796225
1747352644886270,29357964,1,317,75,22411705,22248720,162985,460.1650458631163
1747352644980428,29450524,1,318,75,22505863,22341280,164583,455.69712546253254
1747352645074308,29543084,1,319,75,22599743,22433840,165903,452.07139111408475
1747352645168238,29635644,1,320,75,22693673,22526400,167273,448.3688341812486
1747352645259074,29728204,1,321,75,22784509,22618960,165549,453.03807331968176
1747352645352674,29820764,1,322,75,22878109,22711520,166589,450.2097977657589
1747352645447015,29913324,1,323,75,22972450,22804080,168370,445.44752628140407
1747352645541540,30005884,1,324,75,23066975,22896640,170335,440.30880324067283
1747352645631228,30098452,1,325,75,23156663,22989208,167455,447.88152040846796
1747352645725295,30191004,1,326,75,23250730,23081760,168970,443.8657749896431
1747352645819255,30283564,1,327,75,23344690,23174320,170370,440.2183483007572
1747352645914353,30376124,1,328,75,23439788,23266880,172908,433.7566798528697
1747352646004468,30468684,1,329,75,23529903,23359440,170463,439.9781770824167
1747352646098432,30561244,1,330,75,23623867,23452000,171867,436.38394805285486
1747352646192231,30653804,1,331,75,23717666,23544560,173106,433.26054556167895
1747352646286909,30746364,1,332,75,23812344,23637120,175224,428.02355841665525
1747352646377147,30838924,1,333,75,23902582,23729680,172902,433.7717319637714
1747352646470737,30931484,1,334,75,23996172,23822240,173932,431.2029988731228
1747352646564725,31024044,1,335,75,24090160,23914800,175360,427.69160583941607
1747352646659834,31116604,1,336,75,24185269,24007360,177909,421.56383319562246
1747352646753201,31209164,1,337,75,24278636,24099920,178716,419.6602430672128
1747352646843847,31301724,1,338,75,24369282,24192480,176802,424.2033461159942
1747352646937421,31394284,1,339,75,24462856,24285040,177816,421.78431637198
1747352647031736,31486844,1,340,75,24557171,24377600,179571,417.6620946589371
1747352647126170,31579404,1,341,75,24651605,24470160,181445,413.3483975860454
1747352647216756,31671964,1,342,75,24742191,24562720,179471,417.89481308957994
1747352647310618,31764524,1,343,75,24836053,24655280,180773,414.8849662283638
1747352647405132,31857084,1,344,75,24930567,24747840,182727,410.448373803543
1747352647498761,31949644,1,345,75,25024196,24840400,183796,408.06111123201816
1747352647589475,32042204,1,346,75,25114910,24932960,181950,412.20115416323165
1747352647682907,32134764,1,347,75,25208342,25025520,182822,410.23509205675464
1747352647777203,32227324,1,348,75,25302638,25118080,184558,406.3763153046739
1747352647871725,32319884,1,349,75,25397160,25210640,186520,402.10165129744803
1747352647961239,32412444,1,350,75,25486674,25303200,183474,408.7772654436051
1747352648056295,32505004,1,351,75,25581730,25395760,185970,403.2908533634457
1747352648150179,32597564,1,352,75,25675614,25488320,187294,400.4399500250943
1747352648244660,32690124,1,353,75,25770095,25580880,189215,396.37449462251936
1747352648338160,32782684,1,354,75,25863595,25673440,190155,394.41508243275223
1747352648428526,32875244,1,355,75,25953961,25766000,187961,399.01894541952856
1747352648522458,32967804,1,356,75,26047893,25858560,189333,396.1274579708767
1747352648617388,33060364,1,357,75,26142823,25951120,191703,391.2301841911707
1747352648710869,33152924,1,358,75,26236304,26043680,192624,389.35958136057815
1747352648801533,33245484,1,359,75,26326968,26136240,190728,393.230149742041
1747352648895312,33338044,1,360,75,26420747,26228800,191947,390.7328585494954
1747352648990048,33430604,1,361,75,26515483,26321360,194123,386.35298238745537
1747352649084248,33523164,1,362,75,26609683,26413920,195763,383.11631922273364
1747352649174038,33615724,1,363,75,26699473,26506480,192993,388.61513111874524
1747352649268294,33708284,1,364,75,26793729,26599040,194689,385.2297767208214
1747352649362297,33800844,1,365,75,26887732,26691600,196132,382.3955295413293
1747352649456142,33893412,1,366,75,26981577,26784168,197409,379.9218880598149
1747352649546665,33985964,1,367,75,27072100,26876720,195380,383.86733544886886
1747352649641160,34078524,1,368,75,27166595,26969280,197315,380.10288117983936
1747352649735628,34171084,1,369,75,27261063,27061840,199223,376.46255703407735
1747352649829780,34263644,1,370,75,27355215,27154400,200815,373.47807683688967
1747352649923924,34356204,1,371,75,27449359,27246960,202399,370.5551904900716
1747352650013249,34448764,1,372,75,27538684,27339520,199164,376.5740796529493
1747352650108385,34541324,1,373,75,27633820,27432080,201740,371.7656389412115
1747352650201789,34633884,1,374,75,27727224,27524640,202584,370.2167989574695
1747352650296543,34726444,1,375,75,27821978,27617200,204778,366.25028079188195
1747352650386274,34819004,1,376,75,27911709,27709760,201949,371.3808931958069
1747352650480397,34911564,1,377,75,28005832,27802320,203512,368.52863713196274
1747352650575014,35004124,1,378,75,28100449,27894880,205569,364.8410022912015
1747352650668713,35096684,1,379,75,28194148,27987440,206708,362.8306596745167
1747352650759357,35189244,1,380,75,28284792,28080000,204792,366.22524317356147
1747352650852867,35281804,1,381,75,28378302,28172560,205742,364.5342224728057
1747352650947882,35374364,1,382,75,28473317,28265120,208197,360.23573826712203
1747352651041663,35466924,1,383,75,28567098,28357680,209418,358.13540383348135
1747352651136212,35559484,1,384,75,28661647,28450240,211407,354.7659254423931
1747352651226358,35652044,1,385,75,28751793,28542800,208993,358.8636939993205
1747352651319861,35744604,1,386,75,28845296,28635360,209936,357.25173386174833
1747352651414303,35837164,1,387,75,28939738,28727920,211818,354.0775571481177
1747352651509008,35929724,1,388,75,29034443,28820480,213963,350.5278950098849
1747352651598472,36022292,1,389,75,29123907,28913048,210859,355.6879241578496
1747352651693477,36114844,1,390,75,29218912,29005600,213312,351.5976597659766
1747352651787114,36207404,1,391,75,29312549,29098160,214389,349.8313812742258
1747352651881675,36299964,1,392,75,29407110,29190720,216390,346.5964231249134
1747352651971924,36392524,1,393,75,29497359,29283280,214079,350.3379593514544
1747352652065900,36485084,1,394,75,29591335,29375840,215495,348.0359173066661
1747352652159897,36577644,1,395,75,29685332,29468400,216932,345.73045931443954
1747352652254024,36670204,1,396,75,29779459,29560960,218499,343.2509988604067
1747352652344578,36762764,1,397,75,29870013,29653520,216493,346.431524344898
1747352652438158,36855324,1,398,75,29963593,29746080,217513,344.806977054245
1747352652533692,36947884,1,399,75,30059127,29838640,220487,340.1561089769465
1747352652626277,37040444,1,400,75,30151712,29931200,220512,340.11754462342185
1747352652721005,37133004,1,401,75,30246440,30023760,222680,336.8061792707024
1747352652811113,37225564,1,402,75,30336548,30116320,220228,340.55615089816007
1747352652905785,37318124,1,403,75,30431220,30208880,222340,337.3212197535306
1747352652999727,37410684,1,404,75,30525162,30301440,223722,335.2374822324134
1747352653093723,37503244,1,405,75,30619158,30394000,225158,333.09942351593105
1747352653183399,37595804,1,406,75,30708834,30486560,222274,337.42138081826937
1747352653277665,37688364,1,407,75,30803100,30579120,223980,334.851326011251
1747352653372606,37780924,1,408,75,30898041,30671680,226361,331.32916005849063
1747352653466479,37873484,1,409,75,30991914,30764240,227674,329.41837891019617
1747352653556234,37966044,1,410,75,31081669,30856800,224869,333.52752046747213
1747352653650802,38058604,1,411,75,31176237,30949360,226877,330.5755982316409
1747352653745315,38151164,1,412,75,31270750,31041920,228830,327.7542280295416
1747352653839401,38243724,1,413,75,31364836,31134480,230356,325.5830106443939
1747352653929314,38336284,1,414,75,31454749,31227040,227709,329.3677456754015
1747352654023539,38428844,1,415,75,31548974,31319600,229374,326.97690235161787
1747352654117932,38521404,1,416,75,31643367,31412160,231207,324.3846423334934
1747352654211664,38613964,1,417,75,31737099,31504720,232379,322.7486132567917
1747352654306222,38706524,1,418,75,31831657,31597280,234377,319.99726935663483
1747352654395714,38799084,1,419,75,31921149,31689840,231309,324.2415989001725
1747352654490783,38891644,1,420,75,32016218,31782400,233818,320.76230230350103
1747352654584151,38984204,1,421,75,32109586,31874960,234626,319.65766794813874
1747352654678252,39076764,1,422,75,32203687,31967520,236167,317.57188768964335
1747352654769264,39169324,1,423,75,32294699,32060080,234619,319.66720512831444
1747352654862994,39261884,1,424,75,32388429,32152640,235789,318.0809961448583
1747352654957521,39354444,1,425,75,32482956,32245200,237756,315.44945237975065
1747352655052032,39447004,1,426,75,32577467,32337760,239707,312.8819767466115
1747352655141134,39539564,1,427,75,32666569,32430320,236249,317.4616612133808
1747352655235335,39632124,1,428,75,32760770,32522880,237890,315.2717642607928
1747352655330351,39724684,1,429,75,32855786,32615440,240346,312.05012773251894
1747352655423416,39817252,1,430,75,32948851,32708008,240843,311.4061857724742
1747352655514693,39909804,1,431,75,33040128,32800560,239568,313.0635143257864
1747352655608469,40002364,1,432,75,33133904,32893120,240784,311.4824905309323
1747352655702742,40094924,1,433,75,33228177,32985680,242497,309.2821766867219
1747352655797073,40187484,1,434,75,33322508,33078240,244268,307.03980873466844
1747352655891255,40280044,1,435,75,33416690,33170800,245890,305.0144373500346
1747352655981602,40372604,1,436,75,33507037,33263360,243677,307.78448519967003
1747352656075485,40465164,1,437,75,33600920,33355920,245000,306.12244897959187
1747352656170004,40557724,1,438,75,33695439,33448480,246959,303.69413546378144
1747352656263542,40650284,1,439,75,33788977,33541040,247937,302.4961986311039
1747352656353423,40742844,1,440,75,33878858,33633600,245258,305.80042241231683
1747352656452412,40835404,1,441,75,33977847,33726160,251687,297.9891690870009
1747352656542590,40927964,1,442,75,34068025,33818720,249305,300.836324983454
1747352656636116,41020524,1,443,75,34161551,33911280,250271,299.67515213508557
1747352656726446,41113084,1,444,75,34251881,34003840,248041,302.36936635475587
1747352656820517,41205644,1,445,75,34345952,34096400,249552,300.53856510867473
1747352656915268,41298204,1,446,75,34440703,34188960,251743,297.9228816690037
1747352657009415,41390764,1,447,75,34534850,34281520,253330,296.0565270595666
1747352657099219,41483324,1,448,75,34624654,34374080,250574,299.3127778620288
1747352657193762,41575884,1,449,75,34719197,34466640,252557,296.9626658536489
1747352657288071,41668444,1,450,75,34813506,34559200,254306,294.9202928755122
1747352657382090,41761004,1,451,75,34907525,34651760,255765,293.2379332590464
1747352657476190,41853564,1,452,75,35001625,34744320,257305,291.4828705233089
1747352657566190,41946132,1,453,75,35091625,34836888,254737,294.4213051107613
1747352657660808,42038684,1,454,75,35186243,34929440,256803,292.05266293618064
1747352657754325,42131244,1,455,75,35279760,35022000,257760,290.96834264432033
1747352657848953,42223804,1,456,75,35374388,35114560,259828,288.65249318780116
1747352657939068,42316364,1,457,75,35464503,35207120,257383,291.3945365467028
1747352658032942,42408924,1,458,75,35558377,35299680,258697,289.91445590787674
1747352658127648,42501484,1,459,75,35653083,35392240,260843,287.52928006502
1747352658221529,42594044,1,460,75,35746964,35484800,262164,286.08046871423994
1747352658311753,42686604,1,461,75,35837188,35577360,259828,288.65249318780116
1747352658405479,42779164,1,462,75,35930914,35669920,260994,287.3629278833996
1747352658499826,42871724,1,463,75,36025261,35762480,262781,285.40876242955164
1747352658594304,42964284,1,464,75,36119739,35855040,264699,283.3407001915383
1747352658684556,43056844,1,465,75,36209991,35947600,262391,285.83297445415434
1747352658778349,43149404,1,466,75,36303784,36040160,263624,284.49610050678234
1747352658872268,43241964,1,467,75,36397703,36132720,264983,283.03702501669915
1747352658966643,43334524,1,468,75,36492078,36225280,266798,281.11155256036403
1747352659061179,43427084,1,469,75,36586614,36317840,268774,279.0448480879847
1747352659151392,43519644,1,470,75,36676827,36410400,266427,281.50300082198873
1747352659245658,43612204,1,471,75,36771093,36502960,268133,279.71193400290156
1747352659340085,43704764,1,472,75,36865520,36595520,270000,277.77777777777777
1747352659434091,43797324,1,473,75,36959526,36688080,271446,276.29804823058726
1747352659523371,43889884,1,474,75,37048806,36780640,268166,279.67751318213345
1747352659617706,43982444,1,475,75,37143141,36873200,269941,277.83849063313835
1747352659712688,44075004,1,476,75,37238123,36965760,272363,275.36779959098703
1747352659806526,44167564,1,477,75,37331961,37058320,273641,274.08173482774873
1747352659896836,44260124,1,478,75,37422271,37150880,271391,276.35404269117254
1747352659991127,44352684,1,479,75,37516562,37243440,273122,274.60255856357236
1747352660084761,44445244,1,480,75,37610196,37336000,274196,273.5269661118324
1747352660178930,44537804,1,481,75,37704365,37428560,275805,271.93125577853914
1747352660268729,44630364,1,482,75,37794164,37521120,273044,274.6810037942603
1747352660363794,44722924,1,483,75,37889229,37613680,275549,272.18389469749485
1747352660460454,44815484,1,484,75,37985889,37706240,279649,268.1933423684691
1747352660552239,44908044,1,485,75,38077674,37798800,278874,268.9386604703199
1747352660646309,45000604,1,486,75,38171744,37891360,280384,267.4902990184889
1747352660735819,45093164,1,487,75,38261254,37983920,277334,270.4320422306677
1747352660830386,45185724,1,488,75,38355821,38076480,279341,268.48905101649956
1747352660924584,45278284,1,489,75,38450019,38169040,280979,266.92386263742134
1747352661019246,45370844,1,490,75,38544681,38261600,283081,264.9418364355078
1747352661109372,45463404,1,491,75,38634807,38354160,280647,267.2396284300207
1747352661203567,45555964,1,492,75,38729002,38446720,282282,265.6917550534572
1747352661296894,45648524,1,493,75,38822329,38539280,283049,264.97178933682864
1747352661391950,45741092,1,494,75,38917385,38631848,285537,262.66298238056714
1747352661481441,45833644,1,495,75,39006876,38724400,282476,265.50928220450584
1747352661575388,45926204,1,496,75,39100823,38816960,283863,264.2119614039167
1747352661670335,46018764,1,497,75,39195770,38909520,286250,262.0087336244541
1747352661763693,46111324,1,498,75,39289128,39002080,287048,261.28034335720855
1747352661854236,46203884,1,499,75,39379671,39094640,285031,263.12927365795304
1747352661948569,46296444,1,500,75,39474004,39187200,286804,261.5026289730966
1747352662042693,46389004,1,501,75,39568128,39279760,288368,260.0843366809077
1747352662136953,46481564,1,502,75,39662388,39372320,290068,258.5600617786174
1747352662231028,46574124,1,503,75,39756463,39464880,291583,257.2166415737543
1747352662321831,46666684,1,504,75,39847266,39557440,289826,258.77595522830944
1747352662415760,46759244,1,505,75,39941195,39650000,291195,257.5593674341936
1747352662509266,46851804,1,506,75,40034701,39742560,292141,256.72534837629775
1747352662603448,46944364,1,507,75,40128883,39835120,293763,255.30785020577812
1747352662693749,47036924,1,508,75,40219184,39927680,291504,257.28634941544544
1747352662787894,47129484,1,509,75,40313329,40020240,293089,255.8949670577879
1747352662882044,47222044,1,510,75,40407479,40112800,294679,254.51423413273423
1747352662977005,47314604,1,511,75,40502440,40205360,297080,252.45725057223643
1747352663066228,47407164,1,512,75,40591663,40297920,293743,255.32523328215484
1747352663161175,47499724,1,513,75,40686610,40390480,296130,253.26714618579678
1747352663254734,47592284,1,514,75,40780169,40483040,297129,252.41561745908345
1747352663349424,47684844,1,515,75,40874859,40575600,299259,250.61902900163403
1747352663443919,47777404,1,516,75,40969354,40668160,301194,249.0089444012829
1747352663533434,47869972,1,517,75,41058869,40760728,298141,251.55882619297583
1747352663627431,47962524,1,518,75,41152866,40853280,299586,250.34547675792592
1747352663722015,48055084,1,519,75,41247450,40945840,301610,248.6654951758894
1747352663816053,48147644,1,520,75,41341488,41038400,303088,247.45288497070155
1747352663906325,48240204,1,521,75,41431760,41130960,300800,249.33510638297872
1747352664000929,48332764,1,522,75,41526364,41223520,302844,247.6522566073622
1747352664095110,48425324,1,523,75,41620545,41316080,304465,246.333732941389
1747352664189034,48517884,1,524,75,41714469,41408640,305829,245.23508234994063
1747352664279248,48610444,1,525,75,41804683,41501200,303483,247.13081128102726
1747352664373885,48703004,1,526,75,41899320,41593760,305560,245.4509752585417
1747352664467096,48795564,1,527,75,41992531,41686320,306211,244.92915016116336
1747352664561907,48888124,1,528,75,42087342,41778880,308462,243.14178083524064
1747352664652115,48980684,1,529,75,42177550,41871440,306110,245.00996373852539
1747352664751033,49073244,1,530,75,42276468,41964000,312468,240.0245785168401
1747352664840392,49165804,1,531,75,42365827,42056560,309267,242.5089000766328
1747352664934393,49258364,1,532,75,42459828,42149120,310708,241.3841935193172
1747352665028323,49350924,1,533,75,42553758,42241680,312078,240.3245342510526
1747352665119027,49443484,1,534,75,42644462,42334240,310222,241.76235083262955
1747352665212984,49536044,1,535,75,42738419,42426800,311619,240.67852088608205
1747352665306936,49628604,1,536,75,42832371,42519360,313011,239.60819268332423
1747352665400993,49721164,1,537,75,42926428,42611920,314508,238.46770193445
1747352665491468,49813724,1,538,75,43016903,42704480,312423,240.0591505747016
1747352665585296,49906284,1,539,75,43110731,42797040,313691,239.08878482328151
1747352665679727,49998844,1,540,75,43205162,42889600,315562,237.67120248952662
1747352665774196,50091404,1,541,75,43299631,42982160,317471,236.2420504550022
1747352665863714,50183964,1,542,75,43389149,43074720,314429,238.5276167274647
1747352665958764,50276524,1,543,75,43484199,43167280,316919,236.65352976628097
1747352666052532,50369084,1,544,75,43577967,43259840,318127,235.754902916131
1747352666146643,50461644,1,545,75,43672078,43352400,319678,234.61107739663035
1747352666236688,50554204,1,546,75,43762123,43444960,317163,236.47146735274924
1747352666330672,50646764,1,547,75,43856107,43537520,318587,235.41450216110513
1747352666425691,50739324,1,548,75,43951126,43630080,321046,233.61138279249704
1747352666519403,50831884,1,549,75,44044838,43722640,322198,232.77611903239625
1747352666613026,50924444,1,550,75,44138461,43815200,323261,232.01066630369886
1747352666704114,51017004,1,551,75,44229549,43907760,321789,233.07198195090572
1747352666798158,51109564,1,552,75,44323593,44000320,323273,232.002053991518
1747352666892490,51202124,1,553,75,44417925,44092880,325045,230.73728253011123
1747352666986257,51294684,1,554,75,44511692,44185440,326252,229.88364822284615
1747352667076481,51387244,1,555,75,44601916,44278000,323916,231.54151076204943
1747352667170358,51479804,1,556,75,44695793,44370560,325233,230.6039055077437
1747352667264949,51572364,1,557,75,44790384,44463120,327264,229.17277794074508
1747352667359409,51664932,1,558,75,44884844,44555688,329156,227.8554849372334
1747352667449352,51757484,1,559,75,44974787,44648240,326547,229.6759731370982
1747352667543759,51850044,1,560,75,45069194,44740800,328394,228.38419703161446
1747352667636955,51942604,1,561,75,45162390,44833360,329030,227.94274078351518
1747352667731946,52035164,1,562,75,45257381,44925920,331461,226.27096400481506
1747352667821468,52127724,1,563,75,45346903,45018480,328423,228.36403053379328
1747352667915793,52220284,1,564,75,45441228,45111040,330188,227.14332440912452
1747352668010370,52312844,1,565,75,45535805,45203600,332205,225.76421185713642
1747352668104153,52405404,1,566,75,45629588,45296160,333428,224.93611814244755
1747352668198173,52497964,1,567,75,45723608,45388720,334888,223.9554716800841
1747352668289143,52590524,1,568,75,45814578,45481280,333298,225.02385252836802
1747352668382924,52683084,1,569,75,45908359,45573840,334519,224.20251166600403
1747352668476821,52775644,1,570,75,46002256,45666400,335856,223.30998999571244
1747352668571245,52868204,1,571,75,46096680,45758960,337720,222.07746061826364
1747352668661886,52960764,1,572,75,46187321,45851520,335801,223.34656537651762
1747352668756042,53053324,1,573,75,46281477,45944080,337397,222.29006185591453
1747352668849425,53145884,1,574,75,46374860,46036640,338220,221.74915735320204
1747352668944260,53238444,1,575,75,46469695,46129200,340495,220.26755165274088
1747352669033588,53331004,1,576,75,46559023,46221760,337263,222.3783812632871
1747352669128409,53423564,1,577,75,46653844,46314320,339524,220.89749178261332
1747352669222160,53516124,1,578,75,46747595,46406880,340715,220.12532468485392
1747352669316464,53608684,1,579,75,46841899,46499440,342459,219.00431876516603
1747352669406948,53701244,1,580,75,46932383,46592000,340383,220.34002873233976
1747352669501229,53793812,1,581,75,47026664,46684568,342096,219.23670548617932
1747352669595194,53886364,1,582,75,47120629,46777120,343509,218.33489078888763
1747352669689218,53978924,1,583,75,47214653,46869680,344973,217.40831891191488
1747352669783033,54071484,1,584,75,47308468,46962240,346228,216.62026179280707
1747352669873255,54164044,1,585,75,47398690,47054800,343890,218.09299485300534
1747352669967904,54256604,1,586,75,47493339,47147360,345979,216.7761627150781
1747352670061615,54349164,1,587,75,47587050,47239920,347130,216.0573848414139
1747352670156118,54441724,1,588,75,47681553,47332480,349073,214.8547724974432
1747352670246338,54534284,1,589,75,47771773,47425040,346733,216.30476476135814
1747352670340257,54626844,1,590,75,47865692,47517600,348092,215.46028061546946
1747352670435264,54719404,1,591,75,47960699,47610160,350539,213.95622170428967
1747352670529397,54811964,1,592,75,48054832,47702720,352112,213.00040896078522
1747352670619744,54904524,1,593,75,48145179,47795280,349899,214.34756886987387
1747352670713641,54997084,1,594,75,48239076,47887840,351236,213.53164254233621
1747352670807627,55089644,1,595,75,48333062,47980400,352662,212.66822056246494
1747352670901178,55182204,1,596,75,48426613,48072960,353653,212.0722855454358
1747352670992363,55274764,1,597,75,48517798,48165520,352278,212.9000391736072
1747352671085698,55367324,1,598,75,48611133,48258080,353053,212.43269424137452
1747352671180033,55459884,1,599,75,48705468,48350640,354828,211.3700158950252
1747352671273979,55552444,1,600,75,48799414,48443200,356214,210.54759217773588
1747352671368264,55645004,1,601,75,48893699,48535760,357939,209.53290923872504
1747352671458778,55737564,1,602,75,48984213,48628320,355893,210.7374969443063
1747352671552648,55830124,1,603,75,49078083,48720880,357203,209.9646419542949
1747352671647271,55922684,1,604,75,49172706,48813440,359266,208.75896967706382
1747352671741510,56015244,1,605,75,49266945,48906000,360945,207.7878901217637
1747352671831255,56107804,1,606,75,49356690,48998560,358130,209.4211599139977
1747352671925495,56200364,1,607,75,49450930,49091120,359810,208.44334509880213
1747352672020480,56292924,1,608,75,49545915,49183680,362235,207.04791088657916
1747352672113736,56385484,1,609,75,49639171,49276240,362931,206.65085098820435
1747352672204391,56478044,1,610,75,49729826,49368800,361026,207.74127071180467
1747352672298915,56570604,1,611,75,49824350,49461360,362990,206.61726218353124
1747352672393151,56663164,1,612,75,49918586,49553920,364666,205.66765204323957
1747352672486482,56755724,1,613,75,50011917,49646480,365437,205.23373385836683
1747352672577451,56848284,1,614,75,50102886,49739040,363846,206.1311653831566
1747352672671605,56940844,1,615,75,50197040,49831600,365440,205.2320490367776
1747352672765526,57033404,1,616,75,50290961,49924160,366801,204.47054397343518
1747352672859733,57125964,1,617,75,50385168,50016720,368448,203.55653986451276
1747352672953429,57218524,1,618,75,50478864,50109280,369584,202.93086280791374
1747352673044219,57311084,1,619,75,50569654,50201840,367814,203.90740972339282
1747352673138583,57403644,1,620,75,50664018,50294400,369618,202.91219583461844
1747352673232226,57496204,1,621,75,50757661,50386960,370701,202.3193894810103
1747352673326578,57588772,1,622,75,50852013,50479528,372485,201.35038994858851
1747352673416950,57681324,1,623,75,50942385,50572080,370305,202.53574755944425
1747352673510398,57773884,1,624,75,51035833,50664640,371193,202.05122402631517
1747352673605341,57866444,1,625,75,51130776,50757200,373576,200.76236160781207
1747352673698816,57959004,1,626,75,51224251,50849760,374491,200.27183563823962
1747352673789078,58051564,1,627,75,51314513,50942320,372193,201.50835722326858
1747352673883798,58144124,1,628,75,51409233,51034880,374353,200.34566305065005
1747352673978012,58236684,1,629,75,51503447,51127440,376007,199.46437167393162
1747352674071833,58329244,1,630,75,51597268,51220000,377268,198.79767168166927
1747352674166204,58421804,1,631,75,51691639,51312560,379079,197.84794198570748
1747352674256530,58514364,1,632,75,51781965,51405120,376845,199.0208175775186
1747352674350471,58606924,1,633,75,51875906,51497680,378226,198.29414159788064
1747352674444622,58699484,1,634,75,51970057,51590240,379817,197.4635153244852
1747352674538784,58792044,1,635,75,52064219,51682800,381419,196.63414774827683
1747352674628374,58884604,1,636,75,52153809,51775360,378449,198.17729733728984
1747352674723504,58977164,1,637,75,52248939,51867920,381019,196.840577504009
1747352674817714,59069724,1,638,75,52343149,51960480,382669,195.99183628671256
1747352674910980,59162284,1,639,75,52436415,52053040,383375,195.63090968373
1747352675001748,59254844,1,640,75,52527183,52145600,381583,196.5496366452384
1747352675095745,59347404,1,641,75,52621180,52238160,383020,195.81222912641636
1747352675189818,59439964,1,642,75,52715253,52330720,384533,195.04177794883663
1747352675284345,59532524,1,643,75,52809780,52423280,386500,194.04915912031046
1747352675374597,59625084,1,644,75,52900032,52515840,384192,195.21489255372316
1747352675468298,59717652,1,645,75,52993733,52608408,385325,194.6408875624473
1747352675562919,59810204,1,646,75,53088354,52700960,387394,193.60134643283064
1747352675656964,59902764,1,647,75,53182399,52793520,388879,192.8620470634825
1747352675751218,59995324,1,648,75,53276653,52886080,390573,192.0255624428724
1747352675841588,60087884,1,649,75,53367023,52978640,388383,193.10834923258744
1747352675935247,60180444,1,650,75,53460682,53071200,389482,192.56345607755944
1747352676029546,60273004,1,651,75,53554981,53163760,391221,191.70750036424425
1747352676123490,60365564,1,652,75,53648925,53256320,392605,191.03169852650885
1747352676213582,60458124,1,653,75,53739017,53348880,390137,192.24016178932015
1747352676308547,60550684,1,654,75,53833982,53441440,392542,191.06235765854353
1747352676402151,60643244,1,655,75,53927586,53534000,393586,190.55555837860086
1747352676498835,60735804,1,656,75,54024270,53626560,397710,188.57961831485252
1747352676586267,60828364,1,657,75,54111702,53719120,392582,191.04289040251464
1747352676680474,60920924,1,658,75,54205909,53811680,394229,190.24475622036937
1747352676774808,61013484,1,659,75,54300243,53904240,396003,189.39250460223786
1747352676869181,61106044,1,660,75,54394616,53996800,397816,188.52937036217747
1747352676959435,61198604,1,661,75,54484870,54089360,395510,189.62858081970117
1747352677053263,61291164,1,662,75,54578698,54181920,396778,189.02257685657975
1747352677147368,61383724,1,663,75,54672803,54274480,398323,188.2894033234335
1747352677241675,61476284,1,664,75,54767110,54367040,400070,187.4671932411828
1747352677335723,61568844,1,665,75,54861158,54459600,401558,186.77252103058586
1747352677425960,61661404,1,666,75,54951395,54552160,399235,187.8592808746728
1747352677520468,61753964,1,667,75,55045903,54644720,401183,186.94710394009715
1747352677614479,61846524,1,668,75,55139914,54737280,402634,186.27338972863694
1747352677708460,61939084,1,669,75,55233895,54829840,404055,185.61829453910977
1747352677798913,62031644,1,670,75,55324348,54922400,401948,186.59130036721166
1747352677892933,62124204,1,671,75,55418368,55014960,403408,185.91599571649547
1747352677986761,62216764,1,672,75,55512196,55107520,404676,185.3334519467426
1747352678081166,62309324,1,673,75,55606601,55200080,406521,184.49231405019665
1747352678171380,62401884,1,674,75,55696815,55292640,404175,185.56318426424198
1747352678266229,62494444,1,675,75,55791664,55385200,406464,184.51818611242325
1747352678360068,62587004,1,676,75,55885503,55477760,407743,183.93939319620446
1747352678453993,62679564,1,677,75,55979428,55570320,409108,183.32567439404752
1747352678544804,62772124,1,678,75,56070239,55662880,407359,184.1127850372767
1747352678638397,62864684,1,679,75,56163832,55755440,408392,183.6470841740289
1747352678732528,62957244,1,680,75,56257963,55848000,409963,182.94333878911021
1747352678826732,63049804,1,681,75,56352167,55940560,411607,182.21264458573347
1747352678920820,63142364,1,682,75,56446255,56033120,413135,181.5387222094473
1747352679011509,63234924,1,683,75,56536944,56125680,411264,182.36461251167134
1747352679105314,63327484,1,684,75,56630749,56218240,412509,181.81421496258264
1747352679199442,63420044,1,685,75,56724877,56310800,414077,181.12573265358859
1747352679293712,63512612,1,686,75,56819147,56403368,415779,180.38429069289214
1747352679383548,63605164,1,687,75,56908983,56495920,413063,181.5703657795542
1747352679477957,63697724,1,688,75,57003392,56588480,414912,180.76122165664043
1747352679572465,63790284,1,689,75,57097900,56681040,416860,179.91651873530682
1747352679666581,63882844,1,690,75,57192016,56773600,418416,179.24744751634736
1747352679757131,63975404,1,691,75,57282566,56866160,416406,180.11267849166438
1747352679850887,64067964,1,692,75,57376322,56958720,417602,179.59684101129784
1747352679944865,64160524,1,693,75,57470300,57051280,419020,178.98906973414157
1747352680038790,64253084,1,694,75,57564225,57143840,420385,178.40788800742178
1747352680129776,64345644,1,695,75,57655211,57236400,418811,179.0783909687186
1747352680223776,64438204,1,696,75,57749211,57328960,420251,178.46477462278497
1747352680317339,64530764,1,697,75,57842774,57421520,421254,178.0398524405703
1747352680411931,64623324,1,698,75,57937366,57514080,423286,177.1851655854434
1747352680506421,64715884,1,699,75,58031856,57606640,425216,176.38094521372668
1747352680596589,64808444,1,700,75,58122024,57699200,422824,177.37876752502225
1747352680690931,64901004,1,701,75,58216366,57791760,424606,176.63433865748482
1747352680784888,64993564,1,702,75,58310323,57884320,426003,176.05509820353376
1747352680878657,65086124,1,703,75,58404092,57976880,427212,175.55686638015786
1747352680968925,65178684,1,704,75,58494360,58069440,424920,176.50381248234962
1747352681062881,65271244,1,705,75,58588316,58162000,426316,175.92583904896838
1747352681157070,65363804,1,706,75,58682505,58254560,427945,175.25616609611046
1747352681251867,65456364,1,707,75,58777302,58347120,430182,174.3448121957683
1747352681341963,65548924,1,708,75,58867398,58439680,427718,175.34917866444715
1747352681436199,65641492,1,709,75,58961634,58532248,429386,174.668014327435
1747352681529643,65734044,1,710,75,59055078,58624800,430278,174.30591385104515
1747352681624623,65826604,1,711,75,59150058,58717360,432698,173.33105306703519
1747352681714374,65919164,1,712,75,59239809,58809920,429889,174.46364061420505
1747352681808130,66011724,1,713,75,59333565,58902480,431085,173.97960958975608
1747352681902726,66104284,1,714,75,59428161,58995040,433121,173.16177234537233
1747352681996938,66196844,1,715,75,59522373,59087600,434773,172.5038123342526
1747352682091095,66289404,1,716,75,59616530,59180160,436370,171.87249352613608
1747352682181019,66381964,1,717,75,59706454,59272720,433734,172.9170413202562
1747352682275348,66474524,1,718,75,59800783,59365280,435503,172.21465753393204
1747352682369756,66567084,1,719,75,59895191,59457840,437351,171.48697499262607
1747352682463826,66659644,1,720,75,59989261,59550400,438861,170.89693547615303
1747352682554563,66752204,1,721,75,60079998,59642960,437038,171.6097913682563
1747352682648525,66844764,1,722,75,60173960,59735520,438440,171.06103457713712
1747352682742915,66937324,1,723,75,60268350,59828080,440270,170.35001249233426
1747352682836516,67029884,1,724,75,60361951,59920640,441311,169.94817713585203
1747352682926524,67122444,1,725,75,60451959,60013200,438759,170.93666454705203
1747352683021041,67215004,1,726,75,60546476,60105760,440716,170.17762005463837
1747352683306981,67498924,1,729,75,60832416,60389680,442736,169.40117812872683
1747352683401494,67591484,1,730,75,60926929,60482240,444689,168.65719637769317
1747352683495503,67684044,1,731,75,61020938,60574800,446138,168.1094190586769
1747352683586734,67776604,1,732,75,61112169,60667360,444809,168.6116962561459
1747352683679818,67869164,1,733,75,61205253,60759920,445333,168.41329971055367
1747352683775067,67961724,1,734,75,61300502,60852480,448022,167.40249362754508
1747352683868501,68054284,1,735,75,61393936,60945040,448896,167.0765611633875
1747352683958667,68146844,1,736,75,61484102,61037600,446502,167.97237190426918
1747352684053640,68239404,1,737,75,61579075,61130160,448915,167.06948976977824
1747352684147405,68331964,1,738,75,61672840,61222720,450120,166.6222340709144
1747352684241406,68424524,1,739,75,61766841,61315280,451561,166.0905171172887
1747352684331309,68517084,1,740,75,61856744,61407840,448904,167.07358366154008
1747352684426009,68609644,1,741,75,61951444,61500400,451044,166.2808949902892
1747352684519901,68702204,1,742,75,62045336,61592960,452376,165.79128866252853
1747352684614586,68794764,1,743,75,62140021,61685520,454501,165.01613857835298
1747352684704315,68887324,1,744,75,62229750,61778080,451670,166.05043505213982
1747352684802219,68979884,1,745,75,62327654,61870640,457014,164.10875815620528
1747352684892921,69072444,1,746,75,62418356,61963200,455156,164.77866929140777
1747352684987258,69165004,1,747,75,62512693,62055760,456933,164.1378495315506
1747352685081235,69257564,1,748,75,62606670,62148320,458350,163.6304134395113
1747352685171439,69350124,1,749,75,62696874,62240880,455994,164.47584836642588
1747352685269998,69442684,1,750,75,62795433,62333440,461993,162.34012203648106
1747352685359441,69535244,1,751,75,62884876,62426000,458876,163.44284730515434
1747352685453938,69627804,1,752,75,62979373,62518560,460813,162.75582503097786
1747352685543916,69720364,1,753,75,63069351,62611120,458231,163.67290733276448
1747352685637830,69812924,1,754,75,63163265,62703680,459585,163.1907046574627
1747352685732501,69905484,1,755,75,63257936,62796240,461696,162.44455225949542
1747352685826830,69998044,1,756,75,63352265,62888800,463465,161.82451749323033
1747352685916935,70090604,1,757,75,63442370,62981360,461010,162.6862757857747
1747352686010550,70183164,1,758,75,63535985,63073920,462065,162.3148258361919
1747352686104464,70275724,1,759,75,63629899,63166480,463419,161.84058055453056
1747352686199115,70368292,1,760,75,63724550,63259048,465502,161.11638618094014
1747352686293455,70460844,1,761,75,63818890,63351600,467290,160.49990370005779
1747352686383470,70553404,1,762,75,63908905,63444160,464745,161.37882064357873
1747352686477956,70645964,1,763,75,64003391,63536720,466671,160.7127933812043
1747352686571855,70738524,1,764,75,64097290,63629280,468010,160.25298604730668
1747352686665721,70831084,1,765,75,64191156,63721840,469316,159.80703832812006
1747352686755892,70923644,1,766,75,64281327,63814400,466927,160.62468008917884
1747352686850167,71016204,1,767,75,64375602,63906960,468642,160.03687249542295
1747352686944691,71108764,1,768,75,64470126,63999520,470606,159.36898382086076
1747352687039121,71201324,1,769,75,64564556,64092080,472476,158.7382216239555
1747352687129381,71293884,1,770,75,64654816,64184640,470176,159.51473490777923
1747352687223663,71386444,1,771,75,64749098,64277200,471898,158.9326506999394
1747352687317761,71479004,1,772,75,64843196,64369760,473436,158.41634349732593
1747352687411495,71571564,1,773,75,64936930,64462320,474610,158.02448325993976
1747352687501324,71664124,1,774,75,65026759,64554880,471879,158.93905005308565
1747352687596310,71756684,1,775,75,65121745,64647440,474305,158.12610029411456
1747352687690510,71849244,1,776,75,65215945,64740000,475945,157.58123312567628
1747352687784152,71941804,1,777,75,65309587,64832560,477027,157.22380494185865
1747352687878610,72034364,1,778,75,65404045,64925120,478925,156.60072036331368
1747352687968863,72126924,1,779,75,65494298,65017680,476618,157.358723338187
1747352688062414,72219484,1,780,75,65587849,65110240,477609,157.03221672958423
1747352688157139,72312044,1,781,75,65682574,65202800,479774,156.32360236277916
1747352688251165,72404604,1,782,75,65776600,65295360,481240,155.84739423156844
1747352688341196,72497172,1,783,75,65866631,65387928,478703,156.67334443276937
1747352688435216,72589724,1,784,75,65960651,65480480,480171,156.19435576076023
1747352688530093,72682284,1,785,75,66055528,65573040,482488,155.44428047951453
1747352688623759,72774844,1,786,75,66149194,65665600,483594,155.08877281355848
1747352688713633,72867404,1,787,75,66239068,65758160,480908,155.9549851530854
1747352688807968,72959964,1,788,75,66333403,65850720,482683,155.3814822564706
1747352688902853,73052524,1,789,75,66428288,65943280,485008,154.63662455052287
1747352688996893,73145084,1,790,75,66522328,66035840,486488,154.16618703852922
1747352689086462,73237644,1,791,75,66611897,66128400,483497,155.11988698999167
1747352689181154,73330204,1,792,75,66706589,66220960,485629,154.43888235669615
1747352689275566,73422764,1,793,75,66801001,66313520,487481,153.85215013508218
1747352689368901,73515324,1,794,75,66894336,66406080,488256,153.60794337396774
1747352689463420,73607884,1,795,75,66988855,66498640,490215,152.99409442795508
1747352689553651,73700444,1,796,75,67079086,66591200,487886,153.72443562635533
1747352689647239,73793004,1,797,75,67172674,66683760,488914,153.4012116650372
1747352689742240,73885564,1,798,75,67267675,66776320,491355,152.6391305675123
1747352689836326,73978124,1,799,75,67361761,66868880,492881,152.166547300464
1747352689926354,74070684,1,800,75,67451789,66961440,490349,152.95228500516978
1747352690019795,74163244,1,801,75,67545230,67054000,491230,152.67797162225435
1747352690114984,74255804,1,802,75,67640419,67146560,493859,151.86520849068256
1747352690208700,74348364,1,803,75,67734135,67239120,495015,151.51056028605194
1747352690299516,74440924,1,804,75,67824951,67331680,493271,152.04623827470093
1747352690393665,74533484,1,805,75,67919100,67424240,494860,151.55801640868123
1747352690487785,74626044,1,806,75,68013220,67516800,496420,151.08174529632169
1747352690581143,74718604,1,807,75,68106578,67609360,497218,150.83926969659183
1747352690672156,74811164,1,808,75,68197591,67701920,495671,151.3100423466372
1747352690765882,74903724,1,809,75,68291317,67794480,496837,150.95494095649076
1747352690860464,74996284,1,810,75,68385899,67887040,498859,150.3430829152125
1747352690954588,75088844,1,811,75,68480023,67979600,500423,149.87320726665243
1747352691048500,75181404,1,812,75,68573935,68072160,501775,149.46938368790794
1747352691138445,75273964,1,813,75,68663880,68164720,499160,150.2524240724417
1747352691233295,75366524,1,814,75,68758730,68257280,501450,149.56625785222855
1747352691326967,75459084,1,815,75,68852402,68349840,502562,149.23531822939262
1747352691421625,75551644,1,816,75,68947060,68442400,504660,148.61490904767567
1747352691511446,75644204,1,817,75,69036881,68534960,501921,149.4259056704143
1747352691605988,75736764,1,818,75,69131423,68627520,503903,148.83816925082803
1747352691699375,75829324,1,819,75,69224810,68720080,504730,148.59429794147366
1747352691793986,75921884,1,820,75,69319421,68812640,506781,147.9929200187063
1747352691884105,76014444,1,821,75,69409540,68905200,504340,148.7092041083396
1747352691978776,76107004,1,822,75,69504211,68997760,506451,148.08935119093456
1747352692072307,76199564,1,823,75,69597742,69090320,507422,147.8059682079216
1747352692166746,76292132,1,824,75,69692181,69182888,509293,147.26297043155904
1747352692256675,76384684,1,825,75,69782110,69275440,506670,148.0253419385399
1747352692350377,76477244,1,826,75,69875812,69368000,507812,147.6924531125692
1747352692445589,76569804,1,827,75,69971024,69460560,510464,146.92515045135406
1747352692539585,76662364,1,828,75,70065020,69553120,511900,146.51299081851923
1747352692633914,76754924,1,829,75,70159349,69645680,513669,146.00842176576745
1747352692723734,76847484,1,830,75,70249169,69738240,510929,146.79143286053446
1747352692818313,76940044,1,831,75,70343748,69830800,512948,146.21365128629023
1747352692912235,77032604,1,832,75,70437670,69923360,514310,145.82644708444323
1747352693006543,77125164,1,833,75,70531978,70015920,516058,145.33250138550318
1747352693096831,77217724,1,834,75,70622266,70108480,513786,145.97517254265395
1747352693190418,77310284,1,835,75,70715853,70201040,514813,145.6839667995952
1747352693284947,77402844,1,836,75,70810382,70293600,516782,145.12889380822088
1747352693378916,77495404,1,837,75,70904351,70386160,518191,144.73427751543352
1747352693468838,77587964,1,838,75,70994273,70478720,515553,145.4748590348616
1747352693563327,77680524,1,839,75,71088762,70571280,517482,144.9325773650098
1747352693657972,77773084,1,840,75,71183407,70663840,519567,144.35096917240702
1747352693751898,77865644,1,841,75,71277333,70756400,520933,143.97244943207667
1747352693841937,77958204,1,842,75,71367372,70848960,518412,144.67257702368002
1747352693935752,78050764,1,843,75,71461187,70941520,519667,144.32319158230175
1747352694030172,78143324,1,844,75,71555607,71034080,521527,143.80847012714588
1747352694124464,78235884,1,845,75,71649899,71126640,523259,143.33246059790656
1747352694218945,78328444,1,846,75,71744380,71219200,525180,142.8081800525534
1747352694309146,78421012,1,847,75,71834581,71311768,522813,143.45473429314114
1747352694403043,78513564,1,848,75,71928478,71404320,524158,143.08662655153597
1747352694497226,78606124,1,849,75,72022661,71496880,525781,142.64494152508362
1747352694591019,78698684,1,850,75,72116454,71589440,527014,142.3112099488818
1747352694689790,78791244,1,851,75,72215225,71682000,533225,140.65357025645835
1747352694779877,78886932,1,852,75,72305312,71777688,527624,142.14668021166588
1747352694874242,78979484,1,853,75,72399677,71870240,529437,141.65991421075594
1747352694964065,79072044,1,854,75,72489500,71962800,526700,142.39605088285552
1747352695058609,79164604,1,855,75,72584044,72055360,528684,141.86167918832422
1747352695152105,79257164,1,856,75,72677540,72147920,529620,141.6109663532344
1747352695246534,79349724,1,857,75,72771969,72240480,531489,141.11298634590744
1747352695336688,79442284,1,858,75,72862123,72333040,529083,141.75469633308953
1747352695431284,79534844,1,859,75,72956719,72425600,531119,141.2112916314423
1747352695524775,79627404,1,860,75,73050210,72518160,532050,140.964195094446
1747352695619230,79719964,1,861,75,73144665,72610720,533945,140.46390545842738
1747352695713589,79812524,1,862,75,73239024,72703280,535744,139.99223509735992
1747352695803502,79905084,1,863,75,73328937,72795840,533097,140.6873420784585
1747352695897649,79997644,1,864,75,73423084,72888400,534684,140.26976681553964
1747352695992179,80090204,1,865,75,73517614,72980960,536654,139.75485135674012
1747352696086693,80182764,1,866,75,73612128,73073520,538608,139.2478388735407
1747352696176665,80275324,1,867,75,73702100,73166080,536020,139.9201522331256
1747352696270816,80367884,1,868,75,73796251,73258640,537611,139.50607409446607
1747352696364507,80460444,1,869,75,73889942,73351200,538742,139.2132040939819
1747352696458803,80553004,1,870,75,73984238,73443760,540478,138.76605523259042
1747352696549193,80645564,1,871,75,74074628,73536320,538308,139.32544194030183
1747352696643223,80738124,1,872,75,74168658,73628880,539778,138.94601113791225
1747352696737335,80830684,1,873,75,74262770,73721440,541330,138.54765115548742
1747352696831525,80923244,1,874,75,74356960,73814000,542960,138.13172241049065
1747352696925836,81015804,1,875,75,74451271,73906560,544711,137.68769127115112
1747352697015649,81108364,1,876,75,74541084,73999120,541964,138.38557542567403
1747352697110504,81200924,1,877,75,74635939,74091680,544259,137.8020391027066
1747352697204774,81293484,1,878,75,74730209,74184240,545969,137.3704367830408
1747352697300339,81386044,1,879,75,74825774,74276800,548974,136.61849195043845
1747352697388405,81478604,1,880,75,74913840,74369360,544480,137.74610637672643
1747352697483320,81571164,1,881,75,75008755,74461920,546835,137.15288889701648
1747352697576806,81663724,1,882,75,75102241,74554480,547761,136.92102942706762
1747352697671512,81756284,1,883,75,75196947,74647040,549907,136.38669811440843
1747352697760930,81848844,1,884,75,75286365,74739600,546765,137.1704479986832
1747352697855305,81941404,1,885,75,75380740,74832160,548580,136.71661380290934
1747352697949872,82033964,1,886,75,75475307,74924720,550587,136.21825433582703
1747352698044408,82126524,1,887,75,75569843,75017280,552563,135.73112930109326
1747352698134229,82219084,1,888,75,75659664,75109840,549824,136.4072866953789
1747352698227954,82311644,1,889,75,75753389,75202400,550989,136.11886988669465
1747352698322176,82404204,1,890,75,75847611,75294960,552651,135.70951649413465
1747352698416677,82496764,1,891,75,75942112,75387520,554592,135.23455080491604
1747352698510323,82589324,1,892,75,76035758,75480080,555678,134.9702525563366
1747352698601009,82681892,1,893,75,76126444,75572648,553796,135.4289305087072
1747352698695561,82774444,1,894,75,76220996,75665200,555796,134.94159727669864
1747352698789473,82867004,1,895,75,76314908,75757760,557148,134.6141420233044
1747352698883502,82959564,1,896,75,76408937,75850320,558617,134.2601460392362
1747352698973716,83052124,1,897,75,76499151,75942880,556271,134.8263705999414
1747352699068312,83144684,1,898,75,76593747,76035440,558307,134.33469399452272
1747352699162392,83237244,1,899,75,76687827,76128000,559827,133.9699585764888
1747352699256478,83329804,1,900,75,76781913,76220560,561353,133.60577034415064
1747352699346293,83422364,1,901,75,76871728,76313120,558608,134.26230916850457
1747352699440764,83514924,1,902,75,76966199,76405680,560519,133.80456327082578
1747352699534960,83607484,1,903,75,77060395,76498240,562155,133.41516129893003
1747352699629128,83700044,1,904,75,77154563,76590800,563763,133.034626252521
1747352699719480,83792604,1,905,75,77244915,76683360,561555,133.55771028661485
1747352699813490,83885164,1,906,75,77338925,76775920,563005,133.2137370005595
1747352699907301,83977724,1,907,75,77432736,76868480,564256,132.9183916520161
1747352700001461,84070284,1,908,75,77526896,76961040,565856,132.54255499632416
1747352700095644,84162844,1,909,75,77621079,77053600,567479,132.1634809393828
1747352700190272,84255404,1,910,75,77715707,77146160,569547,131.68360117777812
1747352700279975,84347964,1,911,75,77805410,77238720,566690,132.34749157387637
1747352700374839,84440524,1,912,75,77900274,77331280,568994,131.8115832504385
1747352700468886,84533084,1,913,75,77994321,77423840,570481,131.4680068223131
1747352700558524,84625644,1,914,75,78083959,77516400,567559,132.14485190085963
1747352700652950,84718204,1,915,75,78178385,77608960,569425,131.71181454976514
1747352700746944,84810772,1,916,75,78272379,77701528,570851,131.3827951602082
1747352700840947,84903324,1,917,75,78366382,77794080,572302,131.0496905479974
1747352700931863,84995884,1,918,75,78457298,77886640,570658,131.4272296191414
1747352701025728,85088444,1,919,75,78551163,77979200,571963,131.12736313362927
1747352701119546,85181004,1,920,75,78644981,78071760,573221,130.8395889194569
1747352701213639,85273564,1,921,75,78739074,78164320,574754,130.4906098957119
1747352701304391,85366124,1,922,75,78829826,78256880,572946,130.90238870678914
1747352701398281,85458684,1,923,75,78923716,78349440,574276,130.59922406647675
1747352701493095,85551244,1,924,75,79018530,78442000,576530,130.0886337224429
1747352701587102,85643804,1,925,75,79112537,78534560,577977,129.76294904468517
1747352701681108,85736364,1,926,75,79206543,78627120,579423,129.4391144293547
1747352701770906,85828924,1,927,75,79296341,78719680,576661,130.0590815054252
1747352701865282,85921484,1,928,75,79390717,78812240,578477,129.65078991904605
1747352701959275,86014044,1,929,75,79484710,78904800,579910,129.33041334000103
1747352702245793,86297964,1,932,75,79771228,79188720,582508,128.75359651712938
1747352702336300,86390524,1,933,75,79861735,79281280,580455,129.20898260847093
1747352702430846,86483084,1,934,75,79956281,79373840,582441,128.7684074438441
1747352702525179,86575644,1,935,75,80050614,79466400,584214,128.3776150520186
1747352702618651,86668204,1,936,75,80144086,79558960,585126,128.17752073912285
1747352702709669,86760764,1,937,75,80235104,79651520,583584,128.51620332291495
1747352702803654,86853324,1,938,75,80329089,79744080,585009,128.20315584888436
1747352702897897,86945884,1,939,75,80423332,79836640,586692,127.83538892638727
1747352702992134,87038444,1,940,75,80517569,79929200,588369,127.4710258358275
1747352703085045,87131004,1,941,75,80610480,80021760,588720,127.3950264981655
1747352703176530,87223564,1,942,75,80701965,80114320,587645,127.62807477303474
1747352703274759,87316124,1,943,75,80800194,80206880,593314,126.40861331436642
1747352703364597,87408684,1,944,75,80890032,80299440,590592,126.99122236671
1747352703458191,87501244,1,945,75,80983626,80392000,591626,126.76927653619009
1747352703548879,87593804,1,946,75,81074314,80484560,589754,127.17166818707462
1747352703642696,87686364,1,947,75,81168131,80577120,591011,126.90119134838439
1747352703737019,87778924,1,948,75,81262454,80669680,592774,126.52376791154808
1747352703831002,87871484,1,949,75,81356437,80762240,594197,126.22076516710788
1747352703921359,87964044,1,950,75,81446794,80854800,591994,126.69047321425555
1747352704015415,88056604,1,951,75,81540850,80947360,593490,126.37112672496589
1747352704109336,88149164,1,952,75,81634771,81039920,594851,126.08199364210533
1747352704203404,88241724,1,953,75,81728839,81132480,596359,125.7631728539353
1747352704294161,88334284,1,954,75,81819596,81225040,594556,126.14455156452883
1747352704388516,88426844,1,955,75,81913951,81317600,596351,125.76485995663629
1747352704482823,88519404,1,956,75,82008258,81410160,598098,125.39751010703931
1747352704576511,88611964,1,957,75,82101946,81502720,599226,125.16145828118272
1747352704671267,88704524,1,958,75,82196702,81595280,601422,124.70445045242775
1747352704760526,88797084,1,959,75,82285961,81687840,598121,125.39268810157142
1747352704855582,88889644,1,960,75,82381017,81780400,600617,124.87159038122465
1747352704948893,88982204,1,961,75,82474328,81872960,601368,124.71564832182624
1747352705043523,89074764,1,962,75,82568958,81965520,603438,124.28783072991757
1747352705134028,89167324,1,963,75,82659463,82058080,601383,124.71253760083009
1747352705228159,89259884,1,964,75,82753594,82150640,602954,124.38759839059033
1747352705321684,89352444,1,965,75,82847119,82243200,603919,124.18883989409176
1747352705416680,89445004,1,966,75,82942115,82335760,606355,123.68991762251487
1747352705506587,89537572,1,967,75,83032022,82428328,603694,124.23512574251194
1747352705600568,89630124,1,968,75,83126003,82520880,605123,123.9417440751715
1747352705695105,89722684,1,969,75,83220540,82613440,607100,123.5381321034426
1747352705789341,89815244,1,970,75,83314776,82706000,608776,123.19802357517379
1747352705879545,89907804,1,971,75,83404980,82798560,606420,123.67665974077373
1747352705972889,90000364,1,972,75,83498324,82891120,607204,123.51697287896656
1747352706069506,90092924,1,973,75,83594941,82983680,611261,122.69717845568422
1747352706161841,90185484,1,974,75,83687276,83076240,611036,122.74235887901858
1747352706256278,90278044,1,975,75,83781713,83168800,612913,122.36646962945801
1747352706345656,90370604,1,976,75,83871091,83261360,609731,123.00506288838848
1747352706440114,90463164,1,977,75,83965549,83353920,611629,122.62335500769258
1747352706534815,90555724,1,978,75,84060250,83446480,613770,122.19561073366243
1747352706628126,90648284,1,979,75,84153561,83539040,614521,122.04627669355482
1747352706720706,90740844,1,980,75,84246141,83631600,614541,122.04230474451664
1747352706812878,90833404,1,981,75,84338313,83724160,614153,122.11940672763954
1747352706907024,90925964,1,982,75,84432459,83816720,615739,121.80485562876478
1747352707000371,91018524,1,983,75,84525806,83909280,616526,121.64937082945407
1747352707091347,91111084,1,984,75,84616782,84001840,614942,121.96272168757379
1747352707185701,91203644,1,985,75,84711136,84094400,616736,121.60794894411873
1747352707279416,91296204,1,986,75,84804851,84186960,617891,121.38063185901721
1747352707374425,91388764,1,987,75,84899860,84279520,620340,120.90144114517845
1747352707468289,91481324,1,988,75,84993724,84372080,621644,120.6478305911422
1747352707557826,91573884,1,989,75,85083261,84464640,618621,121.23739737254313
1747352707652641,91666452,1,990,75,85178076,84557208,620868,120.79862386207697
1747352707746638,91759004,1,991,75,85272073,84649760,622313,120.51813155116477
1747352707840421,91851564,1,992,75,85365856,84742320,623536,120.28174796643658
1747352707931380,91944124,1,993,75,85456815,84834880,621935,120.59138012814844
1747352708025316,92036684,1,994,75,85550751,84927440,623311,120.3251667305727
1747352708119379,92129244,1,995,75,85644814,85020000,624814,120.03572263105501
1747352708213637,92221804,1,996,75,85739072,85112560,626512,119.71039660852466
1747352708303479,92314364,1,997,75,85828914,85205120,623794,120.23199966655659
1747352708397418,92406924,1,998,75,85922853,85297680,625173,119.96679319164456
1747352708492276,92499484,1,999,75,86017711,85390240,627471,119.52743632773466
1747352708586248,92592044,1,1000,75,86111683,85482800,628883,119.2590672668843
1747352708680418,92685644,1,1001,75,86205853,85576400,629453,119.151072439086
1747352708775039,92779244,1,1002,75,86300474,85670000,630474,118.95811722608704
1747352708869114,92872844,1,1003,75,86394549,85763600,630949,118.8685614843672
1747352708962714,92966444,1,1004,75,86488149,85857200,630949,118.8685614843672
1747352709057567,93060044,1,1005,75,86583002,85950800,632202,118.63296857649928
1747352709151141,93153644,1,1006,75,86676576,86044400,632176,118.63784768798563
1747352709245299,93247244,1,1007,75,86770734,86138000,632734,118.53322249159994
1747352709340005,93340844,1,1008,75,86865440,86231600,633840,118.32639151836426
1747352709434611,93434444,1,1009,75,86960046,86325200,634846,118.13888722619343
1747352709528682,93528044,1,1010,75,87054117,86418800,635317,118.0513035224935
1747352709623033,93621644,1,1011,75,87148468,86512400,636068,117.91192136689789
1747352709716866,93715244,1,1012,75,87242301,86606000,636301,117.86874450928099
1747352709811343,93808844,1,1013,75,87336778,86699600,637178,117.70651215202031
1747352709904498,93902444,1,1014,75,87429933,86793200,636733,117.78877488680499
1747352709999719,93996052,1,1015,75,87525154,86886808,638346,117.49114116795594
1747352710093752,94089644,1,1016,75,87619187,86980400,638787,117.41002869501101
1747352710187466,94183244,1,1017,75,87712901,87074000,638901,117.38907905919696
1747352710282438,94276844,1,1018,75,87807873,87167600,640273,117.13753352085752
1747352710375858,94370444,1,1019,75,87901293,87261200,640093,117.17047366554547
1747352710470135,94464044,1,1020,75,87995570,87354800,640770,117.04667821527227
1747352710564349,94557644,1,1021,75,88089784,87448400,641384,116.93462886507928
1747352710658279,94651244,1,1022,75,88183714,87542000,641714,116.87449549176112
1747352710753128,94744844,1,1023,75,88278563,87635600,642963,116.64745871846436
1747352710847416,94838444,1,1024,75,88372851,87729200,643651,116.52277398776667
1747352710941057,94932044,1,1025,75,88466492,87822800,643692,116.51535206278778
1747352711035553,95025644,1,1026,75,88560988,87916400,644588,116.3533916237969
1747352711133618,95119244,1,1027,75,88659053,88010000,649053,115.55296716909098
1747352711227524,95212844,1,1028,75,88752959,88103600,649359,115.4985146891011
1747352711322573,95306444,1,1029,75,88848008,88197200,650808,115.24136150754138
1747352711416124,95400044,1,1030,75,88941559,88290800,650759,115.2500388008464
1747352711510961,95493644,1,1031,75,89036396,88384400,651996,115.03138056061694
1747352711604951,95587244,1,1032,75,89130386,88478000,652386,114.96261415787586
1747352711698682,95680844,1,1033,75,89224117,88571600,652517,114.93953414240548
1747352711793244,95774444,1,1034,75,89318679,88665200,653479,114.77032926842331
1747352711887626,95868044,1,1035,75,89413061,88758800,654261,114.63315099020116
1747352711981751,95961644,1,1036,75,89507186,88852400,654786,114.5412394278436
1747352712075829,96055244,1,1037,75,89601264,88946000,655264,114.45768423108855
1747352712170348,96148844,1,1038,75,89695783,89039600,656183,114.29738350429683
1747352712264190,96242444,1,1039,75,89789625,89133200,656425,114.2552462200556
1747352712358324,96336044,1,1040,75,89883759,89226800,656959,114.16237542982135
1747352712452846,96429644,1,1041,75,89978281,89320400,657881,114.00238036970211
1747352712547157,96523244,1,1042,75,90072592,89414000,658592,113.87930615616347
1747352712640976,96616844,1,1043,75,90166411,89507600,658811,113.84145073473272
1747352712735440,96710444,1,1044,75,90260875,89601200,659675,113.69234850494561
1747352712829702,96804044,1,1045,75,90355137,89694800,660337,113.57836983237348
1747352712923811,96897644,1,1046,75,90449246,89788400,660846,113.49088895143497
1747352713017792,96991252,1,1047,75,90543227,89882008,661219,113.42686764899375
1747352713112034,97084844,1,1048,75,90637469,89975600,661869,113.31547481450256
1747352713205864,97178444,1,1049,75,90731299,90069200,662099,113.27611127641033
1747352713300501,97272044,1,1050,75,90825936,90162800,663136,113.09897215654105
1747352713394481,97365644,1,1051,75,90919916,90256400,663516,113.03419962743928
1747352713489028,97459244,1,1052,75,91014463,90350000,664463,112.87310203878921
1747352713583501,97552844,1,1053,75,91108936,90443600,665336,112.7249990982
1747352713676950,97646444,1,1054,75,91202385,90537200,665185,112.750588182235
1747352713771188,97740044,1,1055,75,91296623,90630800,665823,112.64254914594419
1747352713865589,97833644,1,1056,75,91391024,90724400,666624,112.5072004608295
1747352713960130,97927244,1,1057,75,91485565,90818000,667565,112.34861024769124
1747352714054542,98020844,1,1058,75,91579977,90911600,668377,112.21211980663608
1747352714147890,98114444,1,1059,75,91673325,91005200,668125,112.25444340505146
1747352714242230,98208044,1,1060,75,91767665,91098800,668865,112.1302504989796
1747352714336369,98301644,1,1061,75,91861804,91192400,669404,112.03996390819296
1747352714430970,98395244,1,1062,75,91956405,91286000,670405,111.87267398065347
1747352714524804,98488844,1,1063,75,92050239,91379600,670639,111.83363926046651
1747352714619370,98582444,1,1064,75,92144805,91473200,671605,111.67278385360443
1747352714713748,98676044,1,1065,75,92239183,91566800,672383,111.54356966193376
1747352714807877,98769644,1,1066,75,92333312,91660400,672912,111.45588130394465
1747352714902163,98863244,1,1067,75,92427598,91754000,673598,111.34237334433891
1747352714996443,98956844,1,1068,75,92521878,91847600,674278,111.23008610691731
1747352715090826,99050444,1,1069,75,92616261,91941200,675061,111.10107086618838
1747352715184562,99144044,1,1070,75,92709997,92034800,675197,111.07869258897773
1747352715278752,99237644,1,1071,75,92804187,92128400,675787,110.98171465269382
1747352715372734,99331244,1,1072,75,92898169,92222000,676169,110.91901580817813
1747352715467097,99424844,1,1073,75,92992532,92315600,676932,110.79399407916895
1747352715565228,99518444,1,1074,75,93090663,92409200,681463,110.05733253309424
1747352715659474,99612044,1,1075,75,93184909,92502800,682109,109.95310133717632
1747352715754173,99705644,1,1076,75,93279608,92596400,683208,109.7762321284294
1747352715847604,99799244,1,1077,75,93373039,92690000,683039,109.80339336406853
1747352715942016,99892844,1,1078,75,93467451,92783600,683851,109.67301356582063
1747352716036120,99986452,1,1079,75,93561555,92877208,684347,109.59352492229819
1747352716130790,100080044,1,1080,75,93656225,92970800,685425,109.42116205274101
1747352716225364,100174684,1,1081,75,93750799,93065440,685359,109.4316992991994
1747352716319044,100269324,1,1082,75,93844479,93160080,684399,109.58519810812115
1747352716417294,100363964,1,1083,75,93942729,93254720,688009,109.01020190142862
1747352716511266,100458604,1,1084,75,94036701,93349360,687341,109.11614467927856
1747352716605467,100553244,1,1085,75,94130902,93444000,686902,109.1858809553619
1747352716703774,100647884,1,1086,75,94229209,93538640,690569,108.60609149845996
1747352716797897,100742524,1,1087,75,94323332,93633280,690052,108.6874612348055
1747352716892406,100837164,1,1088,75,94417841,93727920,689921,108.70809846344726
1747352716986439,100931804,1,1089,75,94511874,93822560,689314,108.80382525235234
1747352717085335,101026444,1,1090,75,94610770,93917200,693570,108.13616505904234
1747352717178741,101121084,1,1091,75,94704176,94011840,692336,108.32890388481894
1747352717273662,101215724,1,1092,75,94799097,94106480,692617,108.28495402220851
1747352717367737,101310364,1,1093,75,94893172,94201120,692052,108.3733592273413
1747352717465600,101405004,1,1094,75,94991035,94295760,695275,107.87098630038474
1747352717559847,101499644,1,1095,75,95085282,94390400,694882,107.93199420908874
1747352717654023,101594284,1,1096,75,95179458,94485040,694418,108.0041127966153
1747352717752133,101688924,1,1097,75,95277568,94579680,697888,107.46710073822734
1747352717846485,101783572,1,1098,75,95371920,94674328,697592,107.51270083372516
1747352717940640,101878204,1,1099,75,95466075,94768960,697115,107.58626625449172
1747352718035128,101972844,1,1100,75,95560563,94863600,696963,107.60972964131525
1747352718133023,102067484,1,1101,75,95658458,94958240,700218,107.10950018422834
1747352718228001,102162124,1,1102,75,95753436,95052880,700556,107.0578226437287
1747352718321707,102256764,1,1103,75,95847142,95147520,699622,107.2007455454517
1747352718420208,102351404,1,1104,75,95945643,95242160,703483,106.61238437886915
1747352718514434,102446044,1,1105,75,96039869,95336800,703069,106.67516275073996
1747352718608321,102540684,1,1106,75,96133756,95431440,702316,106.78953633407184
1747352718702625,102635324,1,1107,75,96228060,95526080,701980,106.84065073079005
1747352718800614,102729964,1,1108,75,96326049,95620720,705329,106.33335649037542
1747352718895296,102824604,1,1109,75,96420731,95715360,705371,106.32702506907712
1747352718989400,102919244,1,1110,75,96514835,95810000,704835,106.40788269595012
1747352719083941,103013884,1,1111,75,96609376,95904640,704736,106.42283067701948
1747352719181544,103108524,1,1112,75,96706979,95999280,707699,105.97725869331454
1747352719276430,103203164,1,1113,75,96801865,96093920,707945,105.94043322574493
1747352719370906,103297804,1,1114,75,96896341,96188560,707781,105.96498069318052
1747352719468289,103392444,1,1115,75,96993724,96283200,710524,105.55589958959865
1747352719562763,103487084,1,1116,75,97088198,96377840,710358,105.58056641862271
1747352719657407,103581732,1,1117,75,97182842,96472488,710354,105.58116094229074
1747352719751623,103676364,1,1118,75,97277058,96567120,709938,105.64302798272526
1747352719849472,103771004,1,1119,75,97374907,96661760,713147,105.1676582808313
1747352719943529,103865644,1,1120,75,97468964,96756400,712564,105.25370352698144
1747352720038206,103960284,1,1121,75,97563641,96851040,712601,105.24823849531505
1747352720136708,104054924,1,1122,75,97662143,96945680,716463,104.68091164512335
1747352720229943,104149564,1,1123,75,97755378,97040320,715058,104.88659661174339
1747352720324461,104244204,1,1124,75,97849896,97134960,714936,104.90449494779952
1747352720419193,104338844,1,1125,75,97944628,97229600,715028,104.89099727563116
1747352720516830,104433484,1,1126,75,98042265,97324240,718025,104.45318756310714
1747352720611031,104528124,1,1127,75,98136466,97418880,717586,104.51708924087148
1747352720705777,104622764,1,1128,75,98231212,97513520,717692,104.50165251946518
1747352720800161,104717404,1,1129,75,98325596,97608160,717436,104.53894145261738
1747352720897857,104812044,1,1130,75,98423292,97702800,720492,104.09553471794274
1747352720991810,104906684,1,1131,75,98517245,97797440,719805,104.19488611498947
1747352721086904,105001324,1,1132,75,98612339,97892080,720259,104.12920907617955
1747352721184857,105095964,1,1133,75,98710292,97986720,723572,103.65243541762257
1747352721278463,105190604,1,1134,75,98803898,98081360,722538,103.80076895609642
1747352721373048,105285244,1,1135,75,98898483,98176000,722483,103.8086709306655
1747352721467198,105379884,1,1136,75,98992633,98270640,721993,103.87912348180662
1747352721566031,105474524,1,1137,75,99091466,98365280,726186,103.27932513157786
1747352721659496,105569164,1,1138,75,99184931,98459920,725011,103.44670632583507
1747352721753505,105663804,1,1139,75,99278940,98554560,724380,103.5368176923714
1747352721848150,105758444,1,1140,75,99373585,98649200,724385,103.53610303912976
1747352721946196,105853084,1,1141,75,99471631,98743840,727791,103.05156288000265
1747352722040491,105947724,1,1142,75,99565926,98838480,727446,103.1004363210465
1747352722134865,106042364,1,1143,75,99660300,98933120,727180,103.13815011413955
1747352722233047,106137004,1,1144,75,99758482,99027760,730722,102.6382126171102
1747352722327816,106231644,1,1145,75,99853251,99122400,730851,102.62009629869836
1747352722421809,106326284,1,1146,75,99947244,99217040,730204,102.71102322090813
1747352722515244,106420924,1,1147,75,100040679,99311680,728999,102.88079956213933
1747352722613633,106515564,1,1148,75,100139068,99406320,732748,102.35442471354409
1747352722708629,106610204,1,1149,75,100234064,99500960,733104,102.30472074903425
1747352722802092,106704844,1,1150,75,100327527,99595600,731927,102.46923531991578
1747352722900877,106799484,1,1151,75,100426312,99690240,736072,101.89220619721985
1747352722995094,106894124,1,1152,75,100520529,99784880,735649,101.95079446855769
1747352723088938,106988764,1,1153,75,100614373,99879520,734853,102.06122857224507
1747352723183378,107083404,1,1154,75,100708813,99974160,734653,102.0890134526096
1747352723281856,107178044,1,1155,75,100807291,100068800,738491,101.55844824107538
1747352723376159,107272684,1,1156,75,100901594,100163440,738154,101.60481417156853
1747352723470258,107367324,1,1157,75,100995693,100258080,737613,101.6793359119213
1747352723564276,107461964,1,1158,75,101089711,100352720,736991,101.76515045638278
1747352723662586,107556604,1,1159,75,101188021,100447360,740661,101.26090073596423
1747352723756824,107651244,1,1160,75,101282259,100542000,740259,101.315890789575
1747352723850977,107745884,1,1161,75,101376412,100636640,739772,101.38258814878098
1747352723949422,107840532,1,1162,75,101474857,100731288,743569,100.86488274793597
1747352724043499,107935164,1,1163,75,101568934,100825920,743014,100.94022454489418
1747352724138310,108029804,1,1164,75,101663745,100920560,743185,100.91699913211382
1747352724231848,108124444,1,1165,75,101757283,101015200,742083,101.06686179308782
1747352724329906,108219084,1,1166,75,101855341,101109840,745501,100.60348678271392
1747352724423988,108313724,1,1167,75,101949423,101204480,744943,100.6788438846999
1747352724518625,108408364,1,1168,75,102044060,101299120,744940,100.67924933551694
1747352724616629,108503004,1,1169,75,102142064,101393760,748304,100.22664585516047
1747352724711267,108597644,1,1170,75,102236702,101488400,748302,100.2269137326908
1747352724805006,108692284,1,1171,75,102330441,101583040,747401,100.34773836267279
1747352724899602,108786924,1,1172,75,102425037,101677680,747357,100.35364624938282
1747352724997695,108881564,1,1173,75,102523130,101772320,750810,99.8921165141647
1747352725091843,108976204,1,1174,75,102617278,101866960,750318,99.95761796998072
1747352725186458,109070844,1,1175,75,102711893,101961600,750293,99.96094858941774
1747352725280830,109165484,1,1176,75,102806265,102056240,750025,99.99666677777407
1747352725378579,109260124,1,1177,75,102904014,102150880,753134,99.58387219273065
1747352725472833,109354764,1,1178,75,102998268,102245520,752748,99.6349375886751
1747352725567421,109449404,1,1179,75,103092856,102340160,752696,99.64182086792012
1747352725665742,109544044,1,1180,75,103191177,102434800,756377,99.15690191531472
1747352725759572,109638692,1,1181,75,103285007,102529448,755559,99.26425335413913
1747352725853903,109733324,1,1182,75,103379338,102624080,755258,99.30381406089045
1747352725948354,109827964,1,1183,75,103473789,102718720,755069,99.32867062480383
1747352726046033,109922604,1,1184,75,103571468,102813360,758108,98.93049539115799
1747352726140867,110017244,1,1185,75,103666302,102908000,758302,98.90518553294069
1747352726234408,110111884,1,1186,75,103759843,103002640,757203,99.04873594003193
1747352726333325,110206524,1,1187,75,103858760,103097280,761480,98.49240951830645
1747352726427136,110301164,1,1188,75,103952571,103191920,760651,98.59975205449017
1747352726521857,110395804,1,1189,75,104047292,103286560,760732,98.5892535084629
1747352726615482,110490444,1,1190,75,104140917,103381200,759717,98.7209710984485
1747352726714130,110585084,1,1191,75,104239565,103475840,763725,98.20288716488265
1747352726808093,110679724,1,1192,75,104333528,103570480,763048,98.29001583124523
1747352726902678,110774364,1,1193,75,104428113,103665120,762993,98.29710102189665
1747352726996986,110869004,1,1194,75,104522421,103759760,762661,98.33989151143167
1747352727094649,110963644,1,1195,75,104620084,103854400,765684,97.95163540050464
1747352727188960,111058284,1,1196,75,104714395,103949040,765355,97.99374146637835
1747352727283185,111152924,1,1197,75,104808620,104043680,764940,98.04690563965802
1747352727381542,111247564,1,1198,75,104906977,104138320,768657,97.57277953625609
1747352727476161,111342204,1,1199,75,105001596,104232960,768636,97.57544533433251
1747352727570340,111436844,1,1200,75,105095775,104327600,768175,97.63400266866273
1747352727663422,111531484,1,1201,75,105188857,104422240,766617,97.83242479621507
1747352727762827,111626124,1,1202,75,105288262,104516880,771382,97.22809191814173
1747352727856855,111720764,1,1203,75,105382290,104611520,770770,97.30529211048692
1747352727950849,111815404,1,1204,75,105476284,104706160,770124,97.3869143150973
1747352728045313,111910044,1,1205,75,105570748,104800800,769948,97.40917568459169
1747352728143650,112004684,1,1206,75,105669085,104895440,773645,96.94368864272373
1747352728237651,112099324,1,1207,75,105763086,104990080,773006,97.02382646447764
1747352728331798,112193964,1,1208,75,105857233,105084720,772513,97.085744835362
1747352728430083,112288604,1,1209,75,105955518,105179360,776158,96.62980990983795
1747352728523925,112383244,1,1210,75,106049360,105274000,775360,96.72926124638877
1747352728618445,112477884,1,1211,75,106143880,105368640,775240,96.74423404365099
1747352728712135,112572524,1,1212,75,106237570,105463280,774290,96.86293249299358
1747352728810294,112667164,1,1213,75,106335729,105557920,777809,96.42470066558757
1747352728904909,112761804,1,1214,75,106430344,105652560,777784,96.42780000617138
1747352728999069,112856444,1,1215,75,106524504,105747200,777304,96.48734600619578
1747352729097336,112951084,1,1216,75,106622771,105841840,780931,96.03921473215944
1747352729191367,113045724,1,1217,75,106716802,105936480,780322,96.11416825361839
1747352729285869,113140364,1,1218,75,106811304,106031120,780184,96.13116905755565
1747352729380095,113235004,1,1219,75,106905530,106125760,779770,96.18220757402824
1747352729478186,113329644,1,1220,75,107003621,106220400,783221,95.75841301497279
1747352729572650,113424284,1,1221,75,107098085,106315040,783045,95.77993601900275
1747352729666911,113518924,1,1222,75,107192346,106409680,782666,95.82631671747592
1747352729760818,113613564,1,1223,75,107286253,106504320,781933,95.91614626828641
1747352729859255,113708204,1,1224,75,107384690,106598960,785730,95.45263640181741
1747352729953341,113802844,1,1225,75,107478776,106693600,785176,95.51998532813026
1747352730048059,113897492,1,1226,75,107573494,106788248,785246,95.5114702908388
1747352730146094,113992124,1,1227,75,107671529,106882880,788649,95.09934077136977
1747352730240466,114086764,1,1228,75,107765901,106977520,788381,95.13166857141408
1747352730334334,114181404,1,1229,75,107859769,107072160,787609,95.22491490066771
1747352730428556,114276044,1,1230,75,107953991,107166800,787191,95.27547952148844
1747352730526466,114370684,1,1231,75,108051901,107261440,790461,94.88134139445211
1747352730621665,114465324,1,1232,75,108147100,107356080,791020,94.81429040985059
1747352730715979,114559964,1,1233,75,108241414,107450720,790694,94.8533819657162
1747352730814187,114654604,1,1234,75,108339622,107545360,794262,94.42727966338563
1747352730907222,114749244,1,1235,75,108432657,107640000,792657,94.6184793674944
1747352731001963,114843884,1,1236,75,108527398,107734640,792758,94.60642465922766
1747352731096282,114938524,1,1237,75,108621717,107829280,792437,94.64474778436646
1747352731194880,115033164,1,1238,75,108720315,107923920,796395,94.1743732695459
1747352731288463,115127804,1,1239,75,108813898,108018560,795338,94.29953051407075
1747352731382806,115222444,1,1240,75,108908241,108113200,795041,94.33475757853998
1747352731476812,115317084,1,1241,75,109002247,108207840,794407,94.41004422166472
1747352731575202,115411724,1,1242,75,109100637,108302480,798157,93.96647526739727
1747352731669991,115506364,1,1243,75,109195426,108397120,798306,93.94893687383033
1747352731763817,115601004,1,1244,75,109289252,108491760,797492,94.04483054375467
1747352731862511,115695652,1,1245,75,109387946,108586408,801538,93.57011146071677
1747352731956170,115790284,1,1246,75,109481605,108681040,800565,93.68383579097262
1747352732050441,115884924,1,1247,75,109575876,108775680,800196,93.72703687596538
1747352732144931,115979564,1,1248,75,109670366,108870320,800046,93.74460968494311
1747352732243203,116074204,1,1249,75,109768638,108964960,803678,93.32095690064926
1747352732337291,116168844,1,1250,75,109862726,109059600,803126,93.38509773061762
1747352732431845,116263484,1,1251,75,109957280,109154240,803040,93.39509862522415
1747352732526105,116358124,1,1252,75,110051540,109248880,802660,93.43931428001893
1747352732624179,116452764,1,1253,75,110149614,109343520,806094,93.04125821554311
1747352732718225,116547404,1,1254,75,110243660,109438160,805500,93.1098696461825
1747352732813015,116642044,1,1255,75,110338450,109532800,805650,93.09253397877491
1747352732911155,116736684,1,1256,75,110436590,109627440,809150,92.6898597293456
1747352733005125,116831324,1,1257,75,110530560,109722080,808480,92.76667326340788
1747352733099047,116925964,1,1258,75,110624482,109816720,807762,92.84913130352753
1747352733193379,117020604,1,1259,75,110718814,109911360,807454,92.88454822194205
1747352733291967,117115244,1,1260,75,110817402,110006000,811402,92.43260430711288
1747352733385949,117209884,1,1261,75,110911384,110100640,810744,92.50762262810456
1747352733480253,117304524,1,1262,75,111005688,110195280,810408,92.54597684129476
1747352733578728,117399164,1,1263,75,111104163,110289920,814243,92.11009489796044
1747352733672613,117493804,1,1264,75,111198048,110384560,813488,92.19558247939736
1747352733766977,117588444,1,1265,75,111292412,110479200,813212,92.22687318927905
1747352733861755,117683084,1,1266,75,111387190,110573840,813350,92.21122517981189
1747352733959626,117777724,1,1267,75,111485061,110668480,816581,91.84636919056408
1747352734053551,117872364,1,1268,75,111578986,110763120,815866,91.92686053837272
1747352734147328,117967004,1,1269,75,111672763,110857760,815003,92.02420113790991
1747352734241628,118061644,1,1270,75,111767063,110952400,814663,92.06260748309424
1747352734342625,118156284,1,1271,75,111868060,111047040,821020,91.34978441450879
1747352734434640,118250924,1,1272,75,111960075,111141680,818395,91.64278862896279
1747352734528051,118345564,1,1273,75,112053486,111236320,817166,91.78061740209456
1747352734627243,118440204,1,1274,75,112152678,111330960,821718,91.2721882689682
1747352734720673,118534844,1,1275,75,112246108,111425600,820508,91.40678701487371
1747352734814926,118629484,1,1276,75,112340361,111520240,820121,91.44992019470298
1747352734909016,118724124,1,1277,75,112434451,111614880,819571,91.511290663042
1747352735007790,118818764,1,1278,75,112533225,111709520,823705,91.05201498109153
1747352735101852,118913404,1,1279,75,112627287,111804160,823127,91.1159517304134
1747352735196236,119008044,1,1280,75,112721671,111898800,822871,91.14429843802978
1747352735294656,119102684,1,1281,75,112820091,111993440,826651,90.72752588456314
1747352735388736,119197324,1,1282,75,112914171,112088080,826091,90.78902929580397
1747352735482398,119291964,1,1283,75,113007833,112182720,825113,90.89664082374172
1747352735576688,119386604,1,1284,75,113102123,112277360,824763,90.93521411605515
1747352735675533,119481244,1,1285,75,113200968,112372000,828968,90.47393868038331
1747352735769820,119575884,1,1286,75,113295255,112466640,828615,90.51248167122246
1747352735864018,119670524,1,1287,75,113389453,112561280,828173,90.5607886274969
1747352735957413,119765164,1,1288,75,113482848,112655920,826928,90.69713445426929
1747352736055986,119859804,1,1289,75,113581421,112750560,830861,90.26780652840849
1747352736150390,119954452,1,1290,75,113675825,112845208,830617,90.29432337647796
1747352736244706,120049084,1,1291,75,113770141,112939840,830301,90.32868803000358
1747352736342657,120143724,1,1292,75,113868092,113034480,833612,89.96991406073809
1747352736437132,120238364,1,1293,75,113962567,113129120,833447,89.98772567421803
1747352736530973,120333004,1,1294,75,114056408,113223760,832648,90.07407692085971
1747352736625466,120427644,1,1295,75,114150901,113318400,832501,90.08998187389564
1747352736723986,120522284,1,1296,75,114249421,113413040,836381,89.67205137371604
1747352736818096,120616924,1,1297,75,114343531,113507680,835851,89.72891101404437
1747352736912217,120711564,1,1298,75,114437652,113602320,835332,89.78466047032796
1747352737010584,120806204,1,1299,75,114536019,113696960,839059,89.38584771750259
1747352737104495,120900844,1,1300,75,114629930,113791600,838330,89.46357639593
1747352737198560,120995484,1,1301,75,114723995,113886240,837755,89.5249804537126
1747352737293140,121090124,1,1302,75,114818575,113980880,837695,89.5313926906571
1747352737390997,121184764,1,1303,75,114916432,114075520,840912,89.18888064387237
1747352737485847,121279404,1,1304,75,115011282,114170160,841122,89.16661316669877
1747352737579874,121374044,1,1305,75,115105309,114264800,840509,89.23164415848017
1747352737674385,121468684,1,1306,75,115199820,114359440,840380,89.24534139317927
1747352737772570,121563324,1,1307,75,115298005,114454080,843925,88.87045649791155
1747352737866569,121657964,1,1308,75,115392004,114548720,843284,88.93800902187164
1747352737960673,121752612,1,1309,75,115486108,114643368,842740,88.99541970239932
1747352738059454,121847244,1,1310,75,115584889,114738000,846889,88.55942160070565
1747352738152732,121941884,1,1311,75,115678167,114832640,845527,88.70207574684191
1747352738247455,122036524,1,1312,75,115772890,114927280,845610,88.69336928371236
1747352738341250,122131164,1,1313,75,115866685,115021920,844765,88.78208732606109
1747352738440125,122225804,1,1314,75,115965560,115116560,849000,88.33922261484099
1747352738534348,122320444,1,1315,75,116059783,115211200,848583,88.3826331661134
1747352738627988,122415084,1,1316,75,116153423,115305840,847583,88.48690924664605
1747352738722190,122509724,1,1317,75,116247625,115400480,847145,88.53265969816265
1747352738820624,122604364,1,1318,75,116346059,115495120,850939,88.1379276305352
1747352738915502,122699004,1,1319,75,116440937,115589760,851177,88.11328313617497
1747352739009470,122793644,1,1320,75,116534905,115684400,850505,88.18290309874722
1747352739107761,122888284,1,1321,75,116633196,115779040,854156,87.80597455265783
1747352739202125,122982924,1,1322,75,116727560,115873680,853880,87.83435611561343
1747352739296328,123077564,1,1323,75,116821763,115968320,853443,87.87933113283489
1747352739390191,123172204,1,1324,75,116915626,116062960,852666,87.9594120089226
1747352739488728,123266844,1,1325,75,117014163,116157600,856563,87.55923382168037
1747352739582250,123361484,1,1326,75,117107685,116252240,855445,87.67366692189445
1747352739677216,123456124,1,1327,75,117202651,116346880,855771,87.64026824933306
1747352739775526,123550764,1,1328,75,117300961,116441520,859441,87.26602524198869
1747352739868898,123645404,1,1329,75,117394333,116536160,858173,87.3949658169157
1747352739963619,123740044,1,1330,75,117489054,116630800,858254,87.38671768497439
1747352740057308,123834684,1,1331,75,117582743,116725440,857303,87.48365513709855
1747352740156423,123929324,1,1332,75,117681858,116820080,861778,87.02937415436458
1747352740250340,124023964,1,1333,75,117775775,116914720,861055,87.10244990157423
1747352740344866,124118604,1,1334,75,117870301,117009360,860941,87.11398342046668
1747352740438647,124213244,1,1335,75,117964082,117104000,860082,87.20098781278995
1747352740536747,124307884,1,1336,75,118062182,117198640,863542,86.85159494268953
1747352740631035,124402524,1,1337,75,118156470,117293280,863190,86.88701212942689
1747352740725062,124497164,1,1338,75,118250497,117387920,862577,86.94875935713564
1747352740824064,124591804,1,1339,75,118349499,117482560,866939,86.51127703333222
1747352740917500,124686444,1,1340,75,118442935,117577200,865735,86.63159049824715
1747352741012429,124781084,1,1341,75,118537864,117671840,866024,86.60268075711528
1747352741105797,124875724,1,1342,75,118631232,117766480,864752,86.73006827390975
1747352741204884,124970364,1,1343,75,118730319,117861120,869199,86.286339491877
1747352741299150,125065004,1,1344,75,118824585,117955760,868825,86.32348286478866
1747352741393147,125159644,1,1345,75,118918582,118050400,868182,86.38741646336828
1747352741490522,125254284,1,1346,75,119015957,118145040,870917,86.11612817294873
1747352741585202,125348924,1,1347,75,119110637,118239680,870957,86.11217316124677
1747352741679459,125443564,1,1348,75,119204894,118334320,870574,86.1500573185048
1747352741773477,125538204,1,1349,75,119298912,118428960,869952,86.21165305672038
1747352741871973,125632844,1,1350,75,119397408,118523600,873808,85.83121234870818
1747352741966488,125727484,1,1351,75,119491923,118618240,873683,85.84349243375458
1747352742060190,125822124,1,1352,75,119585625,118712880,872745,85.93575442998814
1747352742157259,125916764,1,1353,75,119682694,118807520,875174,85.69724420515234
1747352742252611,126011412,1,1354,75,119778046,118902168,875878,85.62836376755666
1747352742346892,126106044,1,1355,75,119872327,118996800,875527,85.66269229846709
1747352742441429,126200684,1,1356,75,119966864,119091440,875424,85.6727711371861
1747352742539882,126295324,1,1357,75,120065317,119186080,879237,85.30123277341603
1747352742633890,126389964,1,1358,75,120159325,119280720,878605,85.36259183592172
1747352742728407,126484604,1,1359,75,120253842,119375360,878482,85.37454381535422
1747352742821901,126579244,1,1360,75,120347336,119470000,877336,85.48606235239407
1747352742920314,126673884,1,1361,75,120445749,119564640,881109,85.12000217907206
1747352743014558,126768524,1,1362,75,120539993,119659280,880713,85.15827517023139
1747352743109270,126863164,1,1363,75,120634705,119753920,880785,85.15131388477324
1747352743207691,126957804,1,1364,75,120733126,119848560,884566,84.78734204118179
1747352743301512,127052444,1,1365,75,120826947,119943200,883747,84.8659175080651
1747352743395724,127147084,1,1366,75,120921159,120037840,883319,84.90703811420336
1747352743489561,127241724,1,1367,75,121014996,120132480,882516,84.98429490230205
1747352743588077,127336364,1,1368,75,121113512,120227120,886392,84.61267700972031
1747352743682226,127431004,1,1369,75,121207661,120321760,885901,84.65957257075
1747352743776223,127525644,1,1370,75,121301658,120416400,885258,84.72106436767587
1747352743871030,127620284,1,1371,75,121396465,120511040,885425,84.70508512861055
1747352743968867,127714924,1,1372,75,121494302,120605680,888622,84.40034120244603
1747352744062976,127809572,1,1373,75,121588411,120700328,888083,84.45156590093494
1747352744157970,127904204,1,1374,75,121683405,120794960,888445,84.4171558171862
1747352744255934,127998844,1,1375,75,121781369,120889600,891769,84.10249739562599
1747352744349949,128093484,1,1376,75,121875384,120984240,891144,84.16148231935578
1747352744443874,128188124,1,1377,75,121969309,121078880,890429,84.22906262037736
1747352744538329,128282764,1,1378,75,122063764,121173520,890244,84.24656610996536
1747352744636369,128377404,1,1379,75,122161804,121268160,893644,83.92603766152965
1747352744730654,128472044,1,1380,75,122256089,121362800,893289,83.95939052199232
1747352744824633,128566684,1,1381,75,122350068,121457440,892628,84.02156329400377
1747352744919129,128661324,1,1382,75,122444564,121552080,892484,84.03511995733257
1747352745017655,128755964,1,1383,75,122543090,121646720,896370,83.67080558251615
1747352745111544,128850604,1,1384,75,122636979,121741360,895619,83.74096574547882
1747352745205894,128945244,1,1385,75,122731329,121836000,895329,83.7680897189748
1747352745304416,129039884,1,1386,75,122829851,121930640,899211,83.40645299045497
1747352745398357,129134524,1,1387,75,122923792,122025280,898512,83.47133928094449
1747352745493026,129229164,1,1388,75,123018461,122119920,898541,83.46864528162877
1747352745587139,129323804,1,1389,75,123112574,122214560,898014,83.51762890110845
1747352745685323,129418444,1,1390,75,123210758,122309200,901558,83.18932337131943
1747352745778963,129513084,1,1391,75,123304398,122403840,900558,83.28169868015165
1747352745873634,129607724,1,1392,75,123399069,122498480,900589,83.27883196441441
1747352745972348,129702364,1,1393,75,123497783,122593120,904663,82.90379953640195
1747352746065670,129797004,1,1394,75,123591105,122687760,903345,83.02475798283048
1747352746160012,129891644,1,1395,75,123685447,122782400,903047,83.05215564638385
1747352746254534,129986284,1,1396,75,123779969,122877040,902929,83.06300938390505
1747352746353086,130080924,1,1397,75,123878521,122971680,906841,82.70468582695312
1747352746446846,130175564,1,1398,75,123972281,123066320,905961,82.7850205472421
1747352746541025,130270204,1,1399,75,124066460,123160960,905500,82.82716731087797
1747352746634959,130364844,1,1400,75,124160394,123255600,904794,82.89179636469738
1747352746733491,130459484,1,1401,75,124258926,123350240,908686,82.53676187373857
1747352746827837,130554124,1,1402,75,124353272,123444880,908392,82.5634747994258
1747352746921918,130648764,1,1403,75,124447353,123539520,907833,82.61431342548684
1747352747019940,130743404,1,1404,75,124545375,123634160,911215,82.30768808678522
1747352747114476,130838044,1,1405,75,124639911,123728800,911111,82.3170832094004
1747352747208714,130932684,1,1406,75,124734149,123823440,910709,82.35341914925624
1747352747302946,131027324,1,1407,75,124828381,123918080,910301,82.39033023142895
1747352747401201,131121964,1,1408,75,124926636,124012720,913916,82.0644348058246
1747352747495364,131216604,1,1409,75,125020799,124107360,913439,82.10728904721607
1747352747589539,131311244,1,1410,75,125114974,124202000,912974,82.14910829881245
1747352747687651,131405884,1,1411,75,125213086,124296640,916446,81.83788242842459
1747352747781437,131500524,1,1412,75,125306872,124391280,915592,81.91421506522556
1747352747875866,131595164,1,1413,75,125401301,124485920,915381,81.93309671055003
1747352747970322,131689804,1,1414,75,125495757,124580560,915197,81.94956932769665
1747352748069223,131784444,1,1415,75,125594658,124675200,919458,81.56979437886233
1747352748163427,131879084,1,1416,75,125688862,124769840,919022,81.60849250616415
1747352748256980,131973724,1,1417,75,125782415,124864480,917935,81.70513162696706
1747352748351465,132068372,1,1418,75,125876900,124959128,917772,81.71964278709744
1747352748449277,132163004,1,1419,75,125974712,125053760,920952,81.43746905376176
1747352748544464,132257644,1,1420,75,126069899,125148400,921499,81.38912793177204
1747352748637966,132352284,1,1421,75,126163401,125243040,920361,81.48976325593979
1747352748736556,132446924,1,1422,75,126261991,125337680,924311,81.14152054881961
1747352748830822,132541564,1,1423,75,126356257,125432320,923937,81.17436578468012
1747352748924570,132636204,1,1424,75,126450005,125526960,923045,81.25280999301226
1747352749019482,132730844,1,1425,75,126544917,125621600,923317,81.22887372375901
1747352749117265,132825484,1,1426,75,126642700,125716240,926460,80.95330613302248
1747352749211828,132920124,1,1427,75,126737263,125810880,926383,80.9600348883777
1747352749306241,133014764,1,1428,75,126831676,125905520,926156,80.97987811988477
1747352749404318,133109404,1,1429,75,126929753,126000160,929593,80.68046984002676
1747352749498252,133204044,1,1430,75,127023687,126094800,928887,80.74179098211084
1747352749592788,133298684,1,1431,75,127118223,126189440,928783,80.75083200273906
1747352749687131,133393324,1,1432,75,127212566,126284080,928486,80.77666222215521
1747352749785001,133487964,1,1433,75,127310436,126378720,931716,80.49663202091625
1747352749878885,133582604,1,1434,75,127404320,126473360,930960,80.56200051559681
1747352749973397,133677244,1,1435,75,127498832,126568000,930832,80.57307870808052
1747352750067230,133771884,1,1436,75,127592665,126662640,930025,80.64299346791753
1747352750166033,133866532,1,1437,75,127691468,126757288,934180,80.28431351559657
1747352750260035,133961164,1,1438,75,127785470,126851920,933550,80.33849284987414
1747352750354041,134055804,1,1439,75,127879476,126946560,932916,80.39309005312376
1747352750452598,134150444,1,1440,75,127978033,127041200,936833,80.05695785694995
1747352750546835,134245084,1,1441,75,128072270,127135840,936430,80.09141099708468
1747352750641104,134339724,1,1442,75,128166539,127230480,936059,80.12315463021028
1747352750735429,134434364,1,1443,75,128260864,127325120,935744,80.15012653033308
1747352750833207,134529004,1,1444,75,128358642,127419760,938882,79.88224292296583
1747352750927434,134623644,1,1445,75,128452869,127514400,938469,79.91739737807002
1747352751022233,134718284,1,1446,75,128547668,127609040,938628,79.90385967603778
1747352751115931,134812924,1,1447,75,128641366,127703680,937686,79.98413114838016
1747352751214815,134907564,1,1448,75,128740250,127798320,941930,79.62375123416814
1747352751308749,135002204,1,1449,75,128834184,127892960,941224,79.68347598446279
1747352751402682,135096844,1,1450,75,128928117,127987600,940517,79.74337518620078
1747352751500705,135191484,1,1451,75,129026140,128082240,943900,79.45756965780274
1747352751594833,135286124,1,1452,75,129120268,128176880,943388,79.5006932460451
1747352751689816,135380764,1,1453,75,129215251,128271520,943731,79.47179863753549
1747352751783577,135475404,1,1454,75,129309012,128366160,942852,79.54588843211872
1747352751881803,135570044,1,1455,75,129407238,128460800,946438,79.24449356429052
1747352751976550,135664684,1,1456,75,129501985,128555440,946545,79.2355355529848
1747352752070176,135759324,1,1457,75,129595611,128650080,945531,79.3205087934716
1747352752168610,135853964,1,1458,75,129694045,128744720,949325,79.00350248861034
1747352752263275,135948604,1,1459,75,129788710,128839360,949350,79.00142202559645
1747352752357532,136043244,1,1460,75,129882967,128934000,948967,79.03330674301635
1747352752451076,136137884,1,1461,75,129976511,129028640,947871,79.12469101808158
1747352752549328,136232524,1,1462,75,130074763,129123280,951483,78.82431950964967
1747352752643610,136327164,1,1463,75,130169045,129217920,951125,78.85398869759496
1747352752738494,136421804,1,1464,75,130263929,129312560,951369,78.8337648168061
1747352752831925,136516444,1,1465,75,130357360,129407200,950160,78.93407426117706
1747352752930179,136611084,1,1466,75,130455614,129501840,953774,78.63498061385611
1747352753025020,136705724,1,1467,75,130550455,129596480,953975,78.61841243219162
1747352753119248,136800364,1,1468,75,130644683,129691120,953563,78.65238059782101
1747352753216996,136895004,1,1469,75,130742431,129785760,956671,78.39685743583739
1747352753311801,136989644,1,1470,75,130837236,129880400,956836,78.38333841954108
1747352753405581,137084284,1,1471,75,130931016,129975040,955976,78.45385239796815
1747352753500046,137178924,1,1472,75,131025481,130069680,955801,78.46821671038218
1747352753598541,137273564,1,1473,75,131123976,130164320,959656,78.15300482672959
1747352753692081,137368204,1,1474,75,131217516,130258960,958556,78.24269004627794
1747352753786076,137462844,1,1475,75,131311511,130353600,957911,78.29537399612282
1747352753885011,137557484,1,1476,75,131410446,130448240,962206,77.94588684751498
1747352753979527,137652124,1,1477,75,131504962,130542880,962082,77.9559330701541
1747352754072985,137746764,1,1478,75,131598420,130637520,960900,78.05182641273807
1747352754167302,137841404,1,1479,75,131692737,130732160,960577,78.07807182557983
1747352754265817,137936044,1,1480,75,131791252,130826800,964452,77.76436774458449
1747352754360022,138030684,1,1481,75,131885457,130921440,964017,77.7994578933774
1747352754454407,138125332,1,1482,75,131979842,131016088,963754,77.82068868196656
1747352754548381,138219964,1,1483,75,132073816,131110720,963096,77.873856811782
1747352754646564,138314604,1,1484,75,132171999,131205360,966639,77.58842753085692
1747352754740798,138409244,1,1485,75,132266233,131300000,966233,77.62102929624635
1747352754834701,138503884,1,1486,75,132360136,131394640,965496,77.68028039474011
1747352754933750,138598524,1,1487,75,132459185,131489280,969905,77.32716090751155
1747352755027947,138693164,1,1488,75,132553382,131583920,969462,77.36249589978772
1747352755122048,138787804,1,1489,75,132647483,131678560,968923,77.40553170891805
1747352755216261,138882444,1,1490,75,132741696,131773200,968496,77.43965901769342
1747352755313956,138977084,1,1491,75,132839391,131867840,971551,77.19615336714182
1747352755408772,139071724,1,1492,75,132934207,131962480,971727,77.1821715358326
1747352755502295,139166364,1,1493,75,133027730,132057120,970610,77.2709945292136
1747352755597479,139261004,1,1494,75,133122914,132151760,971154,77.22771053818447
1747352755695537,139355644,1,1495,75,133220972,132246400,974572,76.95685901092993
1747352755788962,139450284,1,1496,75,133314397,132341040,973357,77.05292097349688
1747352755883186,139544924,1,1497,75,133408621,132435680,972941,77.08586646055619
1747352755981626,139639564,1,1498,75,133507061,132530320,976741,76.78596475421837
1747352756076206,139734204,1,1499,75,133601641,132624960,976681,76.79068191149413
1747352756169818,139828844,1,1500,75,133695253,132719600,975653,76.87159266665505
